0 0.462382 0.338865 0.922651 0.438189
0 0.890305 0.264421 0.218666 0.197174
0 0.579059 0.201962 0.093629 0.066450
0 0.807887 0.265235 0.383407 0.201235
0 0.644604 0.207588 0.061123 0.068256
9 0.623125 0.648547 0.128750 0.118088
9 0.869375 0.680412 0.261250 0.223055
9 0.569375 0.588566 0.213750 0.112465
9 0.065000 0.532802 0.102500 0.074039
9 0.069375 0.482662 0.138750 0.073102
9 0.361875 0.470009 0.141250 0.079663
9 0.743750 0.413308 0.087500 0.073102
9 0.586875 0.417057 0.178750 0.088097
9 0.863750 0.414714 0.087500 0.113402
9 0.910000 0.333177 0.180000 0.096532
9 0.868125 0.214620 0.091250 0.076851
