0 0.511484 0.409484 0.608206 0.107011
0 0.170903 0.949925 0.312131 0.057881
0 0.499617 0.846027 0.233977 0.036390
0 0.754033 0.157171 0.429756 0.076483
0 0.166357 0.046356 0.253268 0.028496
0 0.319949 0.172340 0.242221 0.082967
6 0.605607 0.960153 0.118617 0.078940
0 0.442109 0.581334 0.442566 0.057325
0 0.750920 0.720277 0.494673 0.092148
0 0.274436 0.583633 0.110557 0.060442
6 0.402925 0.959515 0.134671 0.079873
0 0.889439 0.721351 0.218444 0.090582
0 0.443005 0.599683 0.449792 0.094448
0 0.486336 0.054867 0.271610 0.028505
9 0.557000 0.616119 0.218000 0.065748
9 0.224000 0.629905 0.448000 0.159067
9 0.796000 0.492047 0.408000 0.114528
9 0.171000 0.423648 0.342000 0.185578
9 0.830000 0.359491 0.340000 0.163309
9 0.166000 0.049311 0.332000 0.098621
