0 0.302363 0.579242 0.285164 0.248532
0 0.162250 0.512658 0.060183 0.030585
2 0.035142 0.971402 0.069839 0.057197
0 0.905716 0.523110 0.187092 0.109493
2 0.200493 0.970062 0.204709 0.059876
2 0.063296 0.952658 0.081079 0.081217
0 0.881962 0.499476 0.106965 0.058886
0 0.912008 0.499648 0.172432 0.059522
0 0.297167 0.490987 0.071662 0.042571
0 0.249313 0.499991 0.041183 0.035846
0 0.926959 0.549498 0.144844 0.054601
9 0.811844 0.941000 0.166417 0.118000
9 0.619190 0.833000 0.107946 0.118000
9 0.227886 0.799000 0.455772 0.402000
9 0.918291 0.682000 0.163418 0.360000
9 0.096702 0.543000 0.193403 0.130000
9 0.062969 0.257000 0.125937 0.170000
