0 0.442809 0.465760 0.480014 0.058509
6 0.630379 0.933482 0.197961 0.131938
6 0.397386 0.945539 0.180794 0.108198
0 0.954855 0.449047 0.089501 0.022585
6 0.782998 0.946991 0.142772 0.104789
6 0.905847 0.953677 0.165330 0.091528
6 0.195465 0.978202 0.082255 0.042987
6 0.299232 0.946247 0.105240 0.107319
0 0.835728 0.444448 0.092159 0.019664
6 0.503781 0.948681 0.116312 0.101430
0 0.518381 0.570479 0.079051 0.014022
0 0.438377 0.570721 0.079326 0.029949
0 0.327453 0.581371 0.076321 0.020918
0 0.438439 0.563047 0.079564 0.014227
0 0.518396 0.579306 0.079661 0.032121
6 0.977749 0.966045 0.043372 0.066795
0 0.327818 0.585981 0.076346 0.030547
0 0.835753 0.450612 0.091112 0.030945
6 0.497821 0.921998 0.130048 0.047192
0 0.574556 0.592824 0.023928 0.006148
