0 0.705198 0.795748 0.585968 0.393747
0 0.346932 0.508507 0.268810 0.103088
0 0.215727 0.869854 0.360944 0.251212
0 0.251380 0.605047 0.497192 0.277005
0 0.122592 0.785512 0.243976 0.116081
0 0.813638 0.586185 0.366911 0.095788
6 0.468231 0.870298 0.014320 0.048686
2 0.925849 0.655768 0.043858 0.032304
6 0.481091 0.870343 0.010958 0.037147
0 0.906233 0.784442 0.186442 0.120310
6 0.789381 0.820282 0.011790 0.031699
6 0.815502 0.686936 0.009563 0.025822
6 0.909938 0.718561 0.010141 0.028522
0 0.396572 0.618989 0.214189 0.071248
6 0.727297 0.721143 0.013383 0.027367
9 0.722816 0.431000 0.151515 0.178000
