0 0.500027 0.233791 0.994976 0.201515
0 0.417583 0.833884 0.453191 0.119468
0 0.337443 0.802694 0.367631 0.064870
6 0.982580 0.371136 0.034626 0.082537
0 0.093881 0.630982 0.162122 0.032208
6 0.902010 0.328600 0.018203 0.047348
6 0.839702 0.325999 0.024879 0.048094
6 0.940443 0.328781 0.021690 0.047190
6 0.922926 0.329167 0.026557 0.047318
6 0.848102 0.328010 0.020320 0.043021
6 0.874322 0.326232 0.018546 0.045034
6 0.858303 0.328206 0.016478 0.039271
6 0.844213 0.327582 0.025280 0.043196
6 0.796367 0.324923 0.022375 0.044510
