1 0.253367 0.496007 0.504560 0.985744
6 0.727381 0.492080 0.538900 0.976360
1 0.773355 0.878631 0.259750 0.240024
1 0.054894 0.751539 0.109399 0.292644
1 0.236029 0.363839 0.127480 0.236108
6 0.616110 0.493616 0.710407 0.987231
1 0.498688 0.172733 0.055244 0.086137
1 0.325837 0.458145 0.089358 0.175891
1 0.174338 0.716692 0.148400 0.226944
1 0.268265 0.546369 0.113650 0.170032
9 0.775028 0.880000 0.258718 0.240000
9 0.251969 0.500000 0.503937 1.000000
9 0.821710 0.769000 0.120360 0.130000
9 0.506749 0.491000 0.097863 0.110000
9 0.558493 0.651000 0.538808 0.486000
9 0.460630 0.210000 0.336333 0.332000
