1 0.066016 0.582311 0.131790 0.246177
1 0.365988 0.570102 0.142388 0.237260
1 0.383083 0.351240 0.137741 0.233488
1 0.922900 0.539205 0.153742 0.256403
1 0.246453 0.377025 0.122620 0.193253
1 0.506247 0.544207 0.137876 0.215419
1 0.231599 0.570691 0.131307 0.217928
1 0.780282 0.585532 0.132928 0.249587
1 0.499769 0.490643 0.993051 0.981285
1 0.257524 0.178127 0.127124 0.187441
1 0.596126 0.382728 0.139066 0.230271
1 0.654729 0.579947 0.156368 0.239573
1 0.382614 0.165886 0.118999 0.189696
1 0.860316 0.184921 0.129086 0.190766
1 0.108777 0.394711 0.122909 0.174308
1 0.027714 0.384652 0.055127 0.232761
1 0.038586 0.218620 0.076879 0.177134
1 0.730060 0.362913 0.118742 0.183880
1 0.871488 0.376910 0.143219 0.251437
1 0.615117 0.192509 0.121071 0.187297
1 0.127458 0.805608 0.154286 0.273815
9 0.500000 0.500000 1.000000 1.000000
