6 0.668696 0.296858 0.169900 0.102323
1 0.277419 0.504789 0.548136 0.348086
6 0.455730 0.308369 0.139204 0.062856
6 0.385567 0.305782 0.060211 0.067526
1 0.721145 0.523764 0.557711 0.380897
1 0.400053 0.512281 0.130521 0.055167
1 0.540434 0.545069 0.138950 0.056294
1 0.412173 0.472026 0.131744 0.053025
1 0.556063 0.506974 0.104082 0.042570
1 0.257759 0.544710 0.119933 0.051603
1 0.436871 0.439302 0.100649 0.037422
1 0.263043 0.500932 0.105321 0.048468
9 0.929000 0.356316 0.142000 0.057895
9 0.537000 0.527895 0.146000 0.095789
9 0.276000 0.506316 0.552000 0.322105
9 0.646000 0.308421 0.208000 0.090526
