1 0.582977 0.690110 0.244396 0.274735
1 0.193564 0.456086 0.194004 0.318714
1 0.394099 0.484174 0.238391 0.324196
1 0.713080 0.915368 0.213019 0.169263
1 0.349337 0.775174 0.224397 0.338707
1 0.186007 0.710192 0.143148 0.294097
1 0.463540 0.865177 0.296220 0.258740
1 0.595545 0.817695 0.163491 0.182320
9 0.197697 0.710306 0.084453 0.211699
9 0.247601 0.731198 0.495202 0.537604
9 0.814779 0.500000 0.370441 1.000000
9 0.523033 0.083565 0.197697 0.167131
9 0.209213 0.155989 0.418426 0.311978
9 0.523992 0.731198 0.556622 0.537604
