1 0.851902 0.666848 0.295860 0.388052
1 0.154375 0.641371 0.307843 0.401128
1 0.689444 0.814022 0.371074 0.363438
1 0.895039 0.932222 0.208288 0.134574
1 0.639893 0.402359 0.338730 0.336352
1 0.938109 0.436153 0.122932 0.206609
1 0.055004 0.117977 0.109600 0.228316
1 0.621483 0.121015 0.286064 0.241606
1 0.376545 0.847681 0.431315 0.304042
1 0.233750 0.075854 0.337012 0.151414
1 0.820643 0.280097 0.317217 0.330452
1 0.052583 0.396843 0.104551 0.153072
1 0.435969 0.210679 0.277865 0.301101
9 0.500000 0.500000 1.000000 1.000000
