1 0.095899 0.038534 0.164465 0.076244
1 0.700003 0.248323 0.562580 0.324091
1 0.675868 0.603514 0.518044 0.219312
1 0.186816 0.542074 0.371349 0.149924
1 0.811436 0.466651 0.375710 0.186162
1 0.180338 0.285318 0.170251 0.048193
1 0.129470 0.374535 0.258940 0.129794
9 0.121000 0.836565 0.206000 0.127424
9 0.628000 0.093259 0.236000 0.073869
9 0.072000 0.949677 0.144000 0.100646
9 0.389000 0.849030 0.338000 0.181902
9 0.183000 0.542475 0.366000 0.148661
9 0.125000 0.380425 0.250000 0.123730
9 0.188000 0.291782 0.180000 0.059095
