1 0.454083 0.636009 0.180540 0.305891
1 0.632715 0.651639 0.177471 0.308487
1 0.250694 0.630265 0.177904 0.309970
1 0.542420 0.857117 0.182747 0.279675
1 0.179665 0.416930 0.190448 0.277134
1 0.716427 0.445345 0.154980 0.292525
1 0.356730 0.429872 0.169629 0.305136
1 0.076019 0.605732 0.151989 0.326482
1 0.531672 0.426111 0.176965 0.303999
1 0.336103 0.842804 0.194781 0.306246
1 0.044208 0.410714 0.088012 0.229000
1 0.815123 0.641136 0.174561 0.345687
1 0.211963 0.093728 0.161704 0.184429
1 0.285211 0.246274 0.166444 0.265767
1 0.145987 0.838746 0.184532 0.285775
1 0.820844 0.649110 0.357351 0.685139
1 0.017267 0.788880 0.034349 0.168618
1 0.746258 0.860783 0.190826 0.276114
9 0.477553 0.565000 0.068462 0.122000
9 0.500000 0.509000 1.000000 0.982000
9 0.528620 0.087000 0.130191 0.138000
9 0.850730 0.092000 0.127946 0.184000
9 0.349607 0.067000 0.088664 0.134000
9 0.219978 0.075000 0.130191 0.150000
