1 0.466187 0.479720 0.133489 0.216884
1 0.573152 0.624523 0.136679 0.215011
1 0.230034 0.085124 0.211990 0.169999
1 0.892827 0.602045 0.104195 0.190917
1 0.961244 0.627327 0.076695 0.151558
1 0.172587 0.453591 0.124336 0.205336
1 0.823257 0.425614 0.102075 0.196299
1 0.830652 0.458019 0.088227 0.130189
1 0.857258 0.709181 0.096739 0.149144
1 0.368761 0.548993 0.061793 0.114951
1 0.720299 0.043368 0.091724 0.086735
1 0.149691 0.432377 0.074962 0.156614
1 0.206789 0.525775 0.042172 0.050433
9 0.941507 0.793000 0.116985 0.286000
9 0.053993 0.508000 0.107987 0.272000
9 0.882452 0.326000 0.142857 0.316000
9 0.428571 0.500000 0.857143 1.000000
9 0.043870 0.092000 0.087739 0.184000
9 0.926884 0.592000 0.146232 0.208000
9 0.548931 0.601000 0.296963 0.454000
9 0.822272 0.413000 0.105737 0.174000
