1 0.471490 0.090091 0.140104 0.085187
1 0.778385 0.235861 0.164165 0.098536
1 0.530155 0.388349 0.155211 0.107553
1 0.565497 0.695358 0.161656 0.086787
1 0.909120 0.238016 0.111166 0.087800
1 0.385042 0.347063 0.121386 0.090977
1 0.721994 0.344105 0.136282 0.087620
1 0.830267 0.235132 0.270014 0.099619
1 0.555365 0.619247 0.140946 0.105857
9 0.500000 0.656000 1.000000 0.688000
9 0.257000 0.283333 0.478000 0.348000
9 0.161000 0.140000 0.282000 0.130667
9 0.560000 0.690667 0.140000 0.074667
9 0.557000 0.600000 0.134000 0.090667
9 0.662000 0.346667 0.604000 0.336000
9 0.474000 0.082000 0.140000 0.076000
