1 0.629272 0.585796 0.141262 0.218865
1 0.707901 0.396393 0.170747 0.244804
1 0.542605 0.411101 0.149732 0.222277
1 0.581841 0.249890 0.158511 0.200243
1 0.402995 0.495412 0.161123 0.245963
1 0.450978 0.421202 0.765566 0.820084
1 0.446657 0.708129 0.170004 0.225686
1 0.362244 0.293514 0.162548 0.250077
1 0.436388 0.242977 0.138980 0.249090
1 0.260241 0.493407 0.155795 0.224447
1 0.275377 0.120452 0.154724 0.210416
9 0.838855 0.510158 0.069277 0.203160
9 0.436747 0.500000 0.734940 1.000000
9 0.083584 0.933409 0.167169 0.133183
9 0.921687 0.544018 0.156627 0.329571
