1 0.271646 0.554836 0.380645 0.287149
1 0.499054 0.558358 0.997117 0.880178
1 0.052433 0.871325 0.103961 0.256612
1 0.549492 0.861996 0.598486 0.275054
1 0.911851 0.885121 0.175963 0.228946
1 0.843839 0.642283 0.312322 0.300200
1 0.527129 0.467543 0.285909 0.212140
1 0.033978 0.419362 0.067758 0.103487
1 0.271353 0.845329 0.356725 0.308977
1 0.576134 0.658413 0.329210 0.207109
1 0.238924 0.398682 0.286586 0.142381
1 0.253054 0.286389 0.241839 0.136832
1 0.061108 0.564242 0.122216 0.202693
1 0.854888 0.267511 0.161474 0.105466
1 0.018221 0.709261 0.036165 0.090972
8 0.589769 0.075197 0.817235 0.148685
1 0.867332 0.358926 0.121109 0.111955
1 0.079077 0.326530 0.158072 0.118771
1 0.724163 0.385546 0.256738 0.187858
1 0.949530 0.407368 0.100570 0.121671
9 0.500000 0.500000 1.000000 1.000000
