1 0.494073 0.421309 0.375420 0.298771
6 0.487526 0.164708 0.123070 0.210868
6 0.336968 0.645860 0.671318 0.698837
1 0.593894 0.637521 0.810206 0.721232
1 0.636280 0.699210 0.150685 0.119861
1 0.072344 0.645301 0.144688 0.110275
6 0.498382 0.628557 0.996764 0.736343
1 0.575238 0.940550 0.165066 0.118333
1 0.046398 0.466588 0.092721 0.082061
1 0.082622 0.765935 0.164690 0.137779
1 0.866953 0.456411 0.113126 0.081526
1 0.420029 0.969978 0.183384 0.059452
1 0.313986 0.549317 0.626609 0.593687
1 0.487915 0.570418 0.973964 0.640130
1 0.140025 0.438763 0.112127 0.083091
1 0.255599 0.291063 0.072700 0.069526
1 0.092722 0.513393 0.115910 0.080173
1 0.937996 0.638121 0.124008 0.115605
9 0.500000 0.622774 1.000000 0.754452
9 0.755000 0.152296 0.347500 0.147142
