1 0.175336 0.676716 0.348877 0.646568
1 0.176936 0.667154 0.111661 0.140989
1 0.653927 0.726457 0.688403 0.543329
1 0.564378 0.805550 0.099972 0.151077
1 0.186646 0.560346 0.102999 0.120113
1 0.466545 0.786866 0.097704 0.120809
1 0.204778 0.468678 0.084682 0.104094
1 0.555919 0.693608 0.094343 0.113239
1 0.372436 0.679735 0.092268 0.110041
1 0.374355 0.587037 0.088642 0.108709
1 0.460218 0.976127 0.107255 0.047746
6 0.749822 0.207445 0.073124 0.134034
1 0.464817 0.602185 0.092095 0.099256
1 0.368199 0.906522 0.108404 0.118223
1 0.370458 0.785239 0.098231 0.140379
9 0.077961 0.718000 0.155922 0.216000
9 0.087706 0.448000 0.175412 0.180000
9 0.323088 0.324000 0.151424 0.204000
9 0.297601 0.094000 0.097451 0.132000
9 0.578711 0.725000 0.647676 0.550000
