1 0.241332 0.477064 0.227100 0.156213
1 0.401199 0.582178 0.213902 0.142789
1 0.433234 0.369161 0.280391 0.196857
1 0.813807 0.749881 0.154119 0.111941
1 0.743345 0.588624 0.280356 0.180327
1 0.766490 0.984875 0.177664 0.029621
1 0.216742 0.742658 0.226761 0.151716
1 0.759711 0.020455 0.150972 0.040003
1 0.854353 0.237479 0.176807 0.124300
1 0.874272 0.410944 0.156177 0.103599
1 0.675449 0.341995 0.153753 0.102262
1 0.381776 0.797729 0.160148 0.118194
1 0.078848 0.680344 0.146805 0.179750
1 0.924797 0.420795 0.053772 0.082516
1 0.077458 0.639788 0.145114 0.098312
1 0.813428 0.770537 0.154496 0.069378
1 0.821274 0.407575 0.050113 0.094590
1 0.059281 0.723409 0.102922 0.094200
1 0.873279 0.220821 0.138523 0.090814
1 0.281077 0.766360 0.361600 0.200116
1 0.077146 0.721484 0.141677 0.098929
1 0.476016 0.268382 0.147406 0.058608
1 0.660103 0.351838 0.188487 0.122118
1 0.681597 0.603475 0.154679 0.145389
9 0.500000 0.775333 1.000000 0.449333
9 0.950000 0.529333 0.100000 0.114667
9 0.068000 0.440000 0.136000 0.114667
9 0.214000 0.378000 0.156000 0.102667
9 0.914000 0.390667 0.172000 0.210667
9 0.913000 0.074000 0.174000 0.148000
9 0.547000 0.162667 0.638000 0.325333
9 0.137000 0.090000 0.226000 0.180000
9 0.175000 0.694000 0.346000 0.212000
9 0.446000 0.582000 0.124000 0.142667
9 0.747000 0.578000 0.278000 0.161333
9 0.241000 0.513333 0.222000 0.226667
9 0.676000 0.338667 0.164000 0.098667
9 0.424000 0.366667 0.368000 0.248000
9 0.839000 0.236000 0.198000 0.128000
