1 0.588404 0.148369 0.297395 0.171727
1 0.391940 0.718437 0.250917 0.182679
1 0.576474 0.573022 0.317014 0.186097
1 0.784504 0.747857 0.188877 0.210864
1 0.063288 0.351834 0.082491 0.072974
1 0.234098 0.723251 0.181283 0.184604
1 0.520811 0.841491 0.221113 0.079048
1 0.686639 0.421608 0.215052 0.176597
1 0.438918 0.392382 0.313949 0.198418
1 0.053407 0.454693 0.078320 0.041254
1 0.823708 0.917428 0.068621 0.030991
1 0.430707 0.981899 0.147432 0.035582
1 0.538312 0.404601 0.512633 0.220381
1 0.237761 0.346663 0.114377 0.075115
1 0.970467 0.977639 0.059066 0.042858
1 0.922104 0.883728 0.102942 0.053886
9 0.781000 0.502591 0.174000 0.124352
9 0.500000 0.500000 1.000000 1.000000
9 0.782000 0.716321 0.176000 0.173575
9 0.397000 0.668394 0.190000 0.080311
9 0.536000 0.450130 0.508000 0.309585
9 0.630000 0.119171 0.204000 0.111399
