1 0.660858 0.651420 0.409806 0.343932
1 0.429596 0.476785 0.396073 0.314827
1 0.356406 0.446398 0.541079 0.380936
1 0.847266 0.421508 0.304943 0.290023
1 0.752461 0.381652 0.487278 0.366820
1 0.243966 0.387201 0.319197 0.259746
1 0.508067 0.211994 0.322640 0.220977
1 0.502669 0.469955 0.067454 0.133658
1 0.218930 0.293487 0.062192 0.098536
9 0.355638 0.556000 0.089568 0.132000
9 0.205479 0.439000 0.096944 0.154000
9 0.924658 0.884000 0.150685 0.216000
9 0.600632 0.646000 0.111697 0.204000
9 0.128556 0.636000 0.172813 0.200000
9 0.941517 0.632000 0.116965 0.208000
9 0.505269 0.518000 0.089568 0.160000
9 0.433614 0.484000 0.074816 0.116000
9 0.780822 0.565000 0.179136 0.358000
9 0.934668 0.402000 0.130664 0.296000
9 0.233404 0.297000 0.085353 0.098000
9 0.643836 0.354000 0.094837 0.228000
9 0.329294 0.215000 0.100105 0.130000
