1 0.666815 0.223273 0.656027 0.390240
1 0.486520 0.555811 0.968959 0.870732
1 0.075207 0.628362 0.150413 0.233220
1 0.389334 0.702963 0.158964 0.244811
1 0.349058 0.510553 0.143264 0.207287
1 0.204373 0.488060 0.159845 0.216502
1 0.079692 0.394842 0.153555 0.227328
1 0.591727 0.445122 0.086123 0.130875
6 0.331556 0.070072 0.055828 0.137713
1 0.608210 0.724738 0.135988 0.198999
1 0.887218 0.090481 0.224380 0.170215
1 0.716188 0.688811 0.116113 0.160611
1 0.514801 0.617187 0.099615 0.170130
1 0.682180 0.568688 0.109851 0.145010
1 0.216853 0.347780 0.142633 0.159326
6 0.277101 0.068905 0.101603 0.134821
9 0.486667 0.500000 0.973333 1.000000
