1 0.487416 0.285136 0.302818 0.239626
1 0.780008 0.313280 0.298102 0.219480
1 0.132577 0.468960 0.264889 0.223883
1 0.064795 0.874965 0.128855 0.248079
1 0.713365 0.111241 0.287741 0.222482
1 0.646003 0.493971 0.276101 0.207571
1 0.405979 0.682301 0.273764 0.217528
1 0.259172 0.864861 0.287848 0.219198
1 0.144704 0.673243 0.273501 0.206641
1 0.957039 0.310365 0.084673 0.188066
1 0.812740 0.894172 0.288949 0.211655
1 0.227440 0.285818 0.255245 0.206499
1 0.892301 0.511324 0.214094 0.223502
1 0.920538 0.110338 0.157605 0.219551
1 0.383273 0.482475 0.262447 0.187742
1 0.445359 0.089383 0.287861 0.178520
1 0.905843 0.740209 0.187176 0.235037
1 0.540696 0.875817 0.291023 0.214836
1 0.680535 0.704572 0.281774 0.218417
1 0.056855 0.278815 0.113271 0.194987
1 0.500374 0.499131 0.994889 0.990056
1 0.016966 0.664441 0.033525 0.159436
1 0.170011 0.096603 0.285039 0.193051
1 0.969099 0.925708 0.060531 0.148296
9 0.500000 0.500000 1.000000 1.000000
