1 0.795594 0.282294 0.408811 0.310586
1 0.383694 0.280770 0.432907 0.315658
1 0.598399 0.613389 0.433335 0.296632
1 0.542786 0.869597 0.445980 0.259273
1 0.798726 0.520133 0.357985 0.214581
1 0.841277 0.945233 0.222800 0.108893
1 0.248664 0.529517 0.406935 0.271795
1 0.831114 0.755967 0.265681 0.273047
1 0.495372 0.498215 0.990743 0.989034
1 0.275272 0.095734 0.303778 0.182589
1 0.620161 0.102158 0.409632 0.203586
1 0.888811 0.106276 0.152349 0.112111
9 0.162000 0.800699 0.324000 0.398601
9 0.319000 0.662937 0.218000 0.223776
9 0.106000 0.910490 0.212000 0.179021
9 0.101000 0.779720 0.202000 0.082517
9 0.500000 0.500000 1.000000 1.000000
