1 0.117040 0.554121 0.206715 0.291968
1 0.623887 0.742653 0.234646 0.371822
1 0.774523 0.609881 0.196869 0.293426
1 0.029287 0.544394 0.058304 0.207443
1 0.290711 0.451219 0.132693 0.113339
1 0.841528 0.507054 0.157703 0.236839
1 0.086122 0.390493 0.127275 0.110516
1 0.246805 0.609665 0.203164 0.291311
1 0.420646 0.474545 0.158452 0.107327
1 0.582081 0.500701 0.188766 0.217779
1 0.168372 0.438675 0.124026 0.084752
1 0.407289 0.669933 0.260780 0.332521
1 0.012624 0.422683 0.025187 0.052496
1 0.366275 0.383563 0.118292 0.126406
1 0.642010 0.450528 0.147590 0.192669
9 0.411699 0.050000 0.098988 0.100000
9 0.324522 0.699000 0.136108 0.286000
9 0.711474 0.659000 0.430821 0.538000
9 0.118673 0.527000 0.210349 0.322000
