6 0.201653 0.556737 0.402322 0.836361
1 0.724188 0.519011 0.549107 0.684755
1 0.682806 0.898306 0.395226 0.192026
1 0.417882 0.245547 0.282319 0.415922
1 0.735525 0.223595 0.082186 0.089920
1 0.648901 0.238200 0.082670 0.108942
1 0.889327 0.357168 0.103812 0.152873
1 0.586348 0.247392 0.066792 0.132987
1 0.300992 0.154535 0.064033 0.110027
1 0.433402 0.436040 0.063798 0.119486
1 0.787745 0.365536 0.080269 0.112649
1 0.610181 0.395672 0.086565 0.137231
9 0.489876 0.946000 0.088864 0.108000
9 0.309336 0.802000 0.139483 0.216000
9 0.121485 0.750000 0.242970 0.500000
9 0.243532 0.211000 0.115861 0.306000
9 0.053993 0.086000 0.107987 0.172000
9 0.881327 0.727000 0.237345 0.362000
9 0.786277 0.440000 0.427447 0.516000
9 0.478065 0.295000 0.416198 0.494000
