1 0.025533 0.198549 0.050957 0.040182
1 0.011631 0.513179 0.023030 0.031799
1 0.951100 0.563990 0.059643 0.054218
1 0.803201 0.518416 0.057476 0.038816
1 0.662760 0.865329 0.092514 0.070318
1 0.849049 0.169772 0.066267 0.044891
1 0.429252 0.832548 0.094664 0.074153
1 0.818328 0.825608 0.085393 0.082101
1 0.915890 0.489611 0.030221 0.034092
1 0.949382 0.487250 0.043930 0.035292
1 0.622163 0.717335 0.070610 0.054950
1 0.713596 0.954454 0.119624 0.088096
1 0.814965 0.205306 0.050385 0.030462
1 0.649036 0.228690 0.066554 0.053981
9 0.389000 0.943028 0.118000 0.113943
9 0.101000 0.931034 0.202000 0.137931
9 0.250000 0.873313 0.140000 0.085457
9 0.898000 0.817841 0.204000 0.256372
9 0.775000 0.540480 0.222000 0.250375
9 0.871000 0.360570 0.190000 0.109445
9 0.761000 0.942279 0.202000 0.085457
9 0.710000 0.856072 0.212000 0.080960
9 0.455000 0.873313 0.350000 0.229385
9 0.684000 0.751124 0.364000 0.206897
9 0.113000 0.593703 0.226000 0.239880
9 0.489000 0.368816 0.210000 0.272864
9 0.158000 0.316342 0.244000 0.227886
9 0.785000 0.228636 0.354000 0.301349
