1 0.143126 0.307450 0.285296 0.269694
1 0.308909 0.801268 0.393802 0.284629
1 0.632702 0.048723 0.729979 0.096290
1 0.702640 0.450305 0.352943 0.257413
1 0.456926 0.555118 0.847593 0.763520
1 0.333031 0.484477 0.375470 0.253240
1 0.594348 0.046863 0.281285 0.093491
1 0.509286 0.296982 0.355074 0.215009
1 0.496110 0.633375 0.360797 0.270161
1 0.505668 0.047172 0.474418 0.093812
1 0.367164 0.028664 0.192580 0.056894
1 0.801629 0.048122 0.161610 0.095969
9 0.693807 0.441480 0.190367 0.135972
9 0.475917 0.355422 0.415138 0.325301
9 0.862385 0.067126 0.275229 0.134251
9 0.247706 0.490534 0.201835 0.206540
9 0.500000 0.564544 1.000000 0.870912
