1 0.244016 0.438263 0.487501 0.422410
1 0.564727 0.496085 0.167389 0.258873
1 0.399345 0.527179 0.164630 0.213178
1 0.454190 0.338060 0.136584 0.208903
1 0.730754 0.528992 0.167785 0.262814
1 0.901893 0.516559 0.182524 0.290864
1 0.501073 0.407827 0.995689 0.521000
1 0.686490 0.351731 0.623281 0.626325
1 0.318624 0.353243 0.155629 0.226033
1 0.095039 0.526683 0.156217 0.187720
1 0.085932 0.336994 0.161309 0.219720
1 0.015355 0.531567 0.030519 0.168770
1 0.891511 0.128039 0.139346 0.176028
1 0.606821 0.292172 0.176563 0.259500
9 0.238000 0.431000 0.476000 0.430000
9 0.694000 0.346000 0.612000 0.628000
