1 0.449981 0.450032 0.863055 0.583439
1 0.267366 0.485978 0.491293 0.399205
1 0.675036 0.585865 0.414683 0.311609
1 0.927643 0.544283 0.077024 0.043836
1 0.159484 0.081172 0.122157 0.068228
1 0.469473 0.296574 0.369109 0.270660
9 0.076875 0.727273 0.071250 0.061856
9 0.620000 0.810216 0.760000 0.379569
9 0.942500 0.566542 0.115000 0.070291
9 0.946250 0.315839 0.107500 0.063730
9 0.787500 0.383786 0.377500 0.379569
9 0.863750 0.149953 0.272500 0.299906
9 0.677500 0.091378 0.290000 0.182755
9 0.271875 0.179944 0.543750 0.359888
9 0.285625 0.948922 0.238750 0.102156
9 0.775000 0.939550 0.172500 0.094658
9 0.235625 0.840206 0.151250 0.120900
9 0.945000 0.650890 0.097500 0.049672
9 0.451250 0.453140 0.855000 0.582006
