1 0.344097 0.590668 0.684818 0.814492
1 0.759750 0.257227 0.209488 0.151268
1 0.461434 0.330267 0.510834 0.264946
1 0.350205 0.407941 0.697338 0.448979
6 0.739290 0.367473 0.063425 0.074610
9 0.631875 0.480787 0.213750 0.133083
9 0.899375 0.315370 0.088750 0.060918
9 0.605625 0.248828 0.061250 0.079663
9 0.316250 0.297095 0.332500 0.202437
9 0.079375 0.182287 0.073750 0.049672
9 0.806250 0.160731 0.115000 0.051546
9 0.393750 0.052484 0.112500 0.069353
9 0.701875 0.074977 0.131250 0.134958
9 0.604375 0.302718 0.203750 0.127460
9 0.464375 0.328491 0.501250 0.259606
9 0.822500 0.258669 0.355000 0.151828
9 0.348125 0.591378 0.696250 0.817245
