1 0.722946 0.447411 0.373592 0.264930
1 0.282795 0.810645 0.245148 0.196770
1 0.411481 0.169278 0.466620 0.338003
1 0.372474 0.545434 0.355134 0.267046
1 0.183456 0.516190 0.121948 0.135001
1 0.480703 0.406655 0.151749 0.121893
1 0.349865 0.986532 0.096964 0.026270
1 0.969262 0.423930 0.061475 0.048869
1 0.990057 0.759345 0.019579 0.115709
9 0.061875 0.961106 0.123750 0.077788
9 0.434375 0.955951 0.211250 0.088097
9 0.766250 0.955014 0.227500 0.089972
9 0.223750 0.942362 0.187500 0.115276
9 0.688125 0.771321 0.378750 0.281162
9 0.222500 0.640112 0.220000 0.095595
9 0.850000 0.633083 0.300000 0.160262
9 0.940625 0.440956 0.078750 0.079663
9 0.147500 0.390347 0.295000 0.124649
9 0.797500 0.162137 0.150000 0.099344
9 0.818125 0.063730 0.091250 0.050609
9 0.122500 0.165886 0.245000 0.331771
9 0.310000 0.794283 0.262500 0.231490
9 0.187500 0.735239 0.125000 0.119025
9 0.515625 0.479381 0.781250 0.396439
9 0.924375 0.089503 0.076250 0.072165
9 0.415625 0.176195 0.498750 0.352390
