1 0.833527 0.686195 0.275640 0.208458
1 0.872621 0.406294 0.254156 0.211984
1 0.277079 0.269248 0.272069 0.222579
1 0.359440 0.455060 0.199808 0.163457
1 0.504598 0.773695 0.151172 0.115219
1 0.703972 0.240649 0.222831 0.181790
1 0.155415 0.540052 0.083781 0.076306
1 0.063031 0.180151 0.125420 0.120118
1 0.638457 0.385295 0.237043 0.145143
1 0.105979 0.062958 0.210787 0.124733
1 0.588259 0.410630 0.133105 0.095732
1 0.707526 0.549790 0.088513 0.038767
1 0.043084 0.391985 0.085795 0.178019
1 0.296674 0.559080 0.156720 0.125510
1 0.602207 0.393616 0.161107 0.129294
1 0.453446 0.388257 0.171995 0.116878
1 0.797379 0.817160 0.035145 0.033377
1 0.491842 0.396995 0.091391 0.098035
9 0.121000 0.895646 0.186000 0.076577
9 0.198000 0.704955 0.396000 0.250751
9 0.596000 0.737988 0.808000 0.524024
9 0.264000 0.090841 0.292000 0.160661
9 0.777000 0.119369 0.394000 0.238739
9 0.472000 0.754505 0.220000 0.175676
9 0.835000 0.695946 0.278000 0.280781
9 0.500000 0.327327 1.000000 0.654655
