1 0.459927 0.658941 0.313562 0.251412
1 0.044808 0.445651 0.089209 0.181989
1 0.807000 0.611702 0.275311 0.224293
1 0.486278 0.417742 0.286658 0.239492
1 0.545534 0.286649 0.064896 0.044520
1 0.344458 0.363045 0.048151 0.041066
1 0.490820 0.050019 0.206169 0.099726
1 0.856417 0.232080 0.020097 0.017522
1 0.174529 0.428861 0.050980 0.041578
9 0.135625 0.956420 0.086250 0.057170
9 0.076875 0.843486 0.086250 0.108716
9 0.313125 0.853796 0.188750 0.198688
9 0.140625 0.739925 0.143750 0.070291
9 0.690625 0.838800 0.618750 0.322399
9 0.233125 0.640112 0.081250 0.054358
9 0.084375 0.641987 0.143750 0.103093
9 0.341875 0.538894 0.148750 0.069353
9 0.165000 0.501874 0.242500 0.100281
9 0.935625 0.351453 0.128750 0.089972
9 0.802500 0.267104 0.395000 0.329897
9 0.317500 0.212746 0.635000 0.425492
9 0.667500 0.963918 0.120000 0.072165
9 0.489375 0.526242 0.941250 0.512652
