1 0.915194 0.514863 0.169325 0.285953
1 0.374830 0.528079 0.203041 0.274937
1 0.498185 0.466819 0.996369 0.933638
1 0.573712 0.551890 0.198404 0.282103
1 0.089618 0.532275 0.178760 0.233089
1 0.665990 0.282301 0.196043 0.262075
1 0.867640 0.160941 0.192991 0.253918
1 0.753049 0.568547 0.177190 0.267035
1 0.822140 0.382766 0.182421 0.214865
1 0.955972 0.324215 0.087082 0.155012
1 0.341849 0.232137 0.163883 0.205691
1 0.482258 0.350633 0.190837 0.244349
1 0.180852 0.311396 0.165107 0.213370
1 0.302488 0.406793 0.167126 0.209925
1 0.048247 0.335640 0.096081 0.175057
1 0.087036 0.188045 0.147112 0.215175
1 0.568280 0.150454 0.153291 0.224297
1 0.124612 0.685727 0.221395 0.230652
1 0.202162 0.507660 0.081536 0.212293
9 0.500000 0.465686 1.000000 0.931373
