1 0.884690 0.267400 0.115736 0.087261
1 0.584360 0.741865 0.082895 0.052648
1 0.529620 0.029435 0.064757 0.047112
1 0.462750 0.507893 0.113454 0.076972
1 0.332369 0.482692 0.065869 0.041088
1 0.510352 0.577893 0.127966 0.089119
1 0.535131 0.423957 0.097782 0.057167
1 0.695048 0.360628 0.139552 0.085875
1 0.619263 0.376916 0.083882 0.063504
1 0.785640 0.158870 0.054531 0.035707
1 0.544194 0.065446 0.089471 0.050404
1 0.497043 0.537431 0.186111 0.186373
1 0.406723 0.334253 0.079072 0.038099
1 0.524603 0.388039 0.070681 0.034180
1 0.560169 0.066106 0.059092 0.048626
1 0.388784 0.627937 0.038849 0.024532
1 0.840551 0.155108 0.030130 0.030170
1 0.786162 0.243516 0.068761 0.035789
1 0.541156 0.058223 0.084906 0.036735
1 0.514005 0.470595 0.070834 0.053323
1 0.531005 0.045504 0.065302 0.018649
1 0.557149 0.893474 0.122418 0.070491
1 0.547810 0.508367 0.068057 0.034846
1 0.478364 0.802709 0.075610 0.036871
1 0.397162 0.489242 0.069490 0.043778
1 0.690137 0.596451 0.046903 0.020994
1 0.478827 0.060679 0.048097 0.029510
1 0.448787 0.543831 0.294083 0.196221
9 0.500000 0.500000 1.000000 1.000000
9 0.843000 0.704000 0.154000 0.088000
9 0.866000 0.252000 0.168000 0.072000
