1 0.256163 0.080073 0.259081 0.159441
1 0.521277 0.391561 0.742588 0.389159
1 0.752789 0.096052 0.355789 0.192105
1 0.401482 0.030789 0.184580 0.061147
1 0.686588 0.731367 0.356075 0.210369
1 0.341086 0.354511 0.389329 0.181007
1 0.732883 0.637504 0.363717 0.142083
1 0.375127 0.475359 0.415711 0.218473
1 0.354266 0.653198 0.409394 0.179245
1 0.707582 0.643031 0.419840 0.390309
1 0.531358 0.522603 0.774897 0.646621
1 0.750199 0.521226 0.343693 0.159576
1 0.710587 0.382360 0.352699 0.211288
9 0.647500 0.806667 0.285000 0.108333
9 0.400000 0.679583 0.390000 0.142500
9 0.225625 0.368750 0.158750 0.185833
9 0.621875 0.292917 0.613750 0.585833
9 0.335000 0.085000 0.325000 0.170000
