1 0.499708 0.403180 0.997003 0.678120
1 0.076221 0.141677 0.126753 0.093086
1 0.220522 0.110931 0.137304 0.111893
1 0.244912 0.693198 0.155511 0.102497
1 0.311841 0.159257 0.105471 0.087641
1 0.146679 0.286453 0.169068 0.121836
1 0.065623 0.231030 0.131245 0.105159
1 0.238832 0.508331 0.152214 0.112642
1 0.350417 0.374544 0.123606 0.098932
1 0.062282 0.371547 0.124563 0.098043
1 0.094983 0.462193 0.189663 0.114015
1 0.093128 0.662128 0.144045 0.097198
1 0.416476 0.269173 0.122586 0.095849
1 0.080980 0.565687 0.151528 0.101787
9 0.919000 0.827586 0.162000 0.215892
9 0.500000 0.404048 1.000000 0.679160
