1 0.559504 0.908521 0.167338 0.182958
1 0.379733 0.784394 0.160360 0.190943
1 0.386486 0.931292 0.176248 0.137417
1 0.524851 0.746609 0.140643 0.182021
6 0.014561 0.434386 0.028921 0.243410
1 0.209344 0.824468 0.180533 0.199064
1 0.481491 0.582003 0.119743 0.145962
1 0.636497 0.440253 0.101253 0.107119
1 0.708424 0.889721 0.177115 0.220558
1 0.607733 0.557949 0.139263 0.155499
1 0.058389 0.611754 0.116394 0.115742
1 0.191513 0.960712 0.206129 0.078102
1 0.547133 0.465988 0.100484 0.133727
1 0.715568 0.522354 0.093045 0.089838
1 0.651524 0.731711 0.126570 0.187093
1 0.983395 0.587584 0.032405 0.084620
9 0.381559 0.256000 0.142429 0.132000
9 0.694153 0.264000 0.155922 0.188000
9 0.916042 0.234000 0.167916 0.136000
9 0.658171 0.049000 0.131934 0.094000
9 0.817841 0.048000 0.139430 0.096000
9 0.563718 0.920000 0.143928 0.160000
9 0.387556 0.916000 0.136432 0.168000
9 0.682909 0.851000 0.097451 0.134000
9 0.225637 0.787000 0.130435 0.134000
9 0.365817 0.739000 0.095952 0.098000
9 0.658921 0.706000 0.088456 0.136000
9 0.077211 0.541000 0.154423 0.250000
9 0.654423 0.464000 0.250375 0.208000
9 0.549475 0.259000 0.184408 0.282000
