6 0.235439 0.670195 0.468383 0.658001
6 0.697935 0.682190 0.542018 0.633556
1 0.381677 0.479899 0.071417 0.043589
1 0.577903 0.461341 0.055708 0.053895
1 0.479173 0.456373 0.064707 0.043433
1 0.567593 0.531918 0.105269 0.042731
1 0.308024 0.027622 0.090952 0.054797
1 0.391840 0.416172 0.066971 0.047322
1 0.427347 0.039401 0.094055 0.058048
1 0.640703 0.046353 0.091584 0.063096
1 0.793119 0.009566 0.070421 0.018990
1 0.817574 0.393001 0.056842 0.042711
1 0.249888 0.544952 0.106389 0.039633
1 0.601489 0.399382 0.060740 0.031448
1 0.647039 0.703897 0.249757 0.113754
1 0.510517 0.510529 0.058325 0.033181
1 0.757590 0.282581 0.038983 0.023621
1 0.654263 0.373529 0.067657 0.026286
1 0.834490 0.125813 0.074611 0.054539
1 0.830419 0.309050 0.032277 0.017774
1 0.716538 0.294105 0.028663 0.013319
1 0.970396 0.313703 0.057783 0.041079
1 0.099027 0.396044 0.088886 0.043669
9 0.142000 0.916198 0.248000 0.167604
9 0.043000 0.438695 0.086000 0.083240
9 0.500000 0.328459 1.000000 0.656918
9 0.649000 0.719348 0.258000 0.142857
9 0.256000 0.483690 0.148000 0.085489
