6 0.519895 0.155611 0.957908 0.307416
1 0.522918 0.647763 0.158674 0.143733
9 0.671000 0.670416 0.094000 0.071991
9 0.539000 0.673791 0.102000 0.085489
9 0.315000 0.660855 0.106000 0.091114
9 0.808000 0.613611 0.132000 0.086614
9 0.156000 0.603487 0.104000 0.079865
9 0.111000 0.525872 0.126000 0.068616
9 0.450000 0.605174 0.328000 0.105737
9 0.195000 0.474128 0.250000 0.142857
9 0.668000 0.488751 0.460000 0.181102
9 0.650000 0.362767 0.208000 0.093363
9 0.277000 0.273903 0.118000 0.086614
9 0.414000 0.257030 0.096000 0.061867
9 0.601000 0.257030 0.226000 0.093363
