1 0.535446 0.486217 0.394518 0.241125
1 0.089172 0.178345 0.178229 0.111733
1 0.472100 0.668563 0.369128 0.223221
1 0.698647 0.734208 0.143938 0.075600
1 0.122818 0.903186 0.126435 0.075846
1 0.381693 0.245749 0.156587 0.093882
1 0.402085 0.261771 0.113121 0.061744
1 0.183911 0.939996 0.103802 0.031875
1 0.091729 0.046456 0.095177 0.041179
1 0.190433 0.876710 0.120587 0.066111
1 0.355773 0.225701 0.101557 0.054134
1 0.525940 0.573527 0.477629 0.416370
1 0.155787 0.894292 0.191903 0.100143
9 0.651000 0.878005 0.698000 0.243990
9 0.827000 0.677885 0.346000 0.146635
9 0.217000 0.777644 0.434000 0.444712
9 0.057000 0.398438 0.114000 0.087740
9 0.123000 0.255409 0.142000 0.121394
9 0.425000 0.210938 0.850000 0.421875
9 0.511000 0.558894 0.446000 0.389423
9 0.086000 0.162861 0.172000 0.073317
