1 0.299479 0.567782 0.131051 0.186805
1 0.180187 0.633328 0.125350 0.185435
1 0.341090 0.380325 0.128388 0.194297
1 0.537533 0.835015 0.098253 0.137980
1 0.539727 0.705276 0.079144 0.141301
1 0.399169 0.482449 0.122149 0.169026
1 0.912585 0.204009 0.095608 0.127733
1 0.737915 0.564273 0.118563 0.185826
1 0.680532 0.433925 0.121006 0.183765
1 0.721298 0.699688 0.101870 0.116536
1 0.474349 0.939402 0.125158 0.121196
1 0.598278 0.287565 0.061156 0.134791
1 0.632695 0.637038 0.085124 0.099286
1 0.569358 0.285889 0.121023 0.140024
1 0.458491 0.941748 0.090828 0.116144
1 0.202623 0.892745 0.042936 0.061777
1 0.693371 0.550475 0.210555 0.417192
1 0.626099 0.712208 0.081940 0.079085
1 0.985864 0.415534 0.027629 0.123201
1 0.155297 0.851983 0.053204 0.067971
1 0.538936 0.276032 0.058507 0.103754
1 0.067514 0.674039 0.051128 0.066341
1 0.247016 0.847277 0.039084 0.057340
1 0.853509 0.328758 0.051574 0.050295
1 0.810349 0.100135 0.076410 0.087771
9 0.060514 0.558957 0.121029 0.160998
9 0.500000 0.500000 1.000000 1.000000
9 0.537821 0.820862 0.092284 0.122449
9 0.711044 0.544218 0.163389 0.408163
9 0.288956 0.501134 0.338880 0.435374
9 0.567322 0.275510 0.118003 0.115646
9 0.186082 0.178005 0.372163 0.356009
