1 0.132513 0.657404 0.263588 0.331545
1 0.500347 0.402756 0.371725 0.212978
1 0.851736 0.416801 0.295196 0.204853
1 0.160411 0.387040 0.318897 0.227732
1 0.868817 0.759117 0.261999 0.227585
1 0.454950 0.765433 0.560614 0.461061
1 0.583722 0.420936 0.056746 0.058942
1 0.459610 0.910603 0.567501 0.174095
1 0.651640 0.420720 0.062108 0.070147
1 0.526075 0.422947 0.057641 0.064121
1 0.585571 0.474140 0.063513 0.068077
1 0.522906 0.475720 0.057666 0.064383
1 0.588571 0.377205 0.059603 0.060229
1 0.530578 0.375552 0.056983 0.063638
1 0.466211 0.425997 0.060998 0.063806
1 0.648793 0.369340 0.062072 0.064260
1 0.353299 0.703605 0.080186 0.098489
1 0.085757 0.925804 0.170526 0.145919
1 0.481949 0.693196 0.455488 0.317915
1 0.886283 0.967686 0.225753 0.064629
1 0.495112 0.718850 0.078777 0.090227
1 0.474182 0.377430 0.058102 0.067429
1 0.652107 0.474232 0.062904 0.065149
9 0.864099 0.772000 0.271802 0.256000
9 0.167878 0.528000 0.248547 0.492000
9 0.847384 0.387000 0.305233 0.294000
9 0.449128 0.766000 0.558140 0.468000
