1 0.570509 0.483601 0.193597 0.278573
1 0.428724 0.495390 0.854928 0.990295
1 0.236375 0.360184 0.187539 0.271194
6 0.783226 0.524887 0.431424 0.916405
1 0.134223 0.744298 0.188863 0.246474
1 0.149173 0.580938 0.164537 0.242924
1 0.064149 0.377412 0.128144 0.227464
1 0.387872 0.410259 0.154288 0.263130
1 0.768957 0.314794 0.138411 0.105548
1 0.657394 0.841502 0.165950 0.291269
1 0.450801 0.237884 0.189936 0.255463
1 0.325372 0.536765 0.154020 0.163593
1 0.369093 0.852283 0.200712 0.287325
1 0.028828 0.714276 0.057438 0.190125
1 0.321427 0.713156 0.200605 0.271350
6 0.783845 0.387630 0.430074 0.636395
9 0.416345 0.223000 0.083655 0.106000
9 0.900901 0.624000 0.198198 0.480000
9 0.419562 0.500000 0.839125 1.000000
