1 0.119035 0.335218 0.236936 0.260971
1 0.872441 0.568198 0.254722 0.269079
1 0.439393 0.807755 0.347218 0.266217
1 0.194113 0.572404 0.312079 0.246396
1 0.500001 0.583553 0.314088 0.197539
1 0.360132 0.114868 0.312861 0.229322
1 0.690939 0.416403 0.286960 0.225162
1 0.500343 0.498420 0.993551 0.992154
1 0.879249 0.753836 0.241502 0.180052
1 0.658662 0.708985 0.226921 0.172504
1 0.124198 0.218893 0.248396 0.164781
1 0.177956 0.085710 0.143874 0.170895
1 0.750277 0.886079 0.372600 0.227490
1 0.855564 0.382651 0.155876 0.138411
1 0.707964 0.068708 0.257565 0.137043
1 0.392898 0.365028 0.321920 0.266535
1 0.812659 0.227901 0.173990 0.187027
9 0.443000 0.455772 0.142000 0.077961
9 0.357000 0.313343 0.114000 0.131934
9 0.504000 0.253373 0.112000 0.164918
9 0.639000 0.186657 0.174000 0.073463
9 0.500000 0.500000 1.000000 1.000000
