1 0.498807 0.492569 0.996833 0.349905
1 0.452826 0.518083 0.108638 0.059071
1 0.596473 0.520305 0.106602 0.054576
6 0.050359 0.345636 0.100189 0.073299
1 0.577171 0.456208 0.099981 0.052697
1 0.870175 0.459256 0.112922 0.050883
1 0.825923 0.420203 0.103628 0.050253
1 0.630071 0.376753 0.114562 0.055504
1 0.613999 0.418573 0.093497 0.047948
1 0.212256 0.608405 0.128203 0.066419
1 0.476949 0.570002 0.099273 0.050769
1 0.939664 0.538484 0.117866 0.057510
1 0.524951 0.496984 0.099702 0.048873
1 0.691066 0.417298 0.071492 0.039647
9 0.205000 0.574570 0.167500 0.077119
9 0.045000 0.533779 0.090000 0.036329
9 0.228750 0.521033 0.085000 0.037604
9 0.530625 0.492989 0.076250 0.037604
9 0.036875 0.486934 0.073750 0.038241
9 0.111250 0.630019 0.155000 0.065647
9 0.303125 0.612492 0.113750 0.070108
9 0.469375 0.498088 0.148750 0.114085
9 0.338750 0.422562 0.145000 0.072658
9 0.640000 0.410134 0.480000 0.195666
