6 0.596700 0.642693 0.650876 0.712466
1 0.142972 0.650084 0.238237 0.097048
1 0.481229 0.928595 0.146359 0.136037
1 0.601385 0.953502 0.130591 0.092067
1 0.504788 0.789749 0.084267 0.063548
1 0.200526 0.420445 0.031226 0.025208
1 0.166319 0.409543 0.032413 0.026180
1 0.113332 0.632666 0.090858 0.061815
1 0.144760 0.338231 0.037340 0.033717
1 0.234304 0.432325 0.030417 0.027288
1 0.085531 0.436955 0.035725 0.028634
9 0.279000 0.415470 0.558000 0.537480
9 0.075000 0.109250 0.150000 0.141946
9 0.536000 0.928230 0.260000 0.143541
9 0.543000 0.803030 0.174000 0.081340
9 0.148000 0.654705 0.232000 0.094099
