6 0.308865 0.321162 0.102197 0.162848
6 0.405232 0.318309 0.064604 0.124084
6 0.962972 0.287050 0.073640 0.097056
6 0.782955 0.283703 0.094890 0.134026
1 0.665813 0.538508 0.125664 0.073581
1 0.561036 0.515759 0.115345 0.067089
6 0.445612 0.312952 0.038602 0.126978
1 0.673744 0.601828 0.120439 0.089722
1 0.646372 0.825563 0.550754 0.312817
1 0.569468 0.630402 0.134045 0.091284
1 0.551694 0.568169 0.110252 0.065479
1 0.461506 0.785120 0.174176 0.132748
1 0.438645 0.574799 0.116700 0.063561
1 0.724269 0.664857 0.160599 0.109532
1 0.627018 0.832449 0.207627 0.157020
1 0.461632 0.509412 0.101442 0.082161
6 0.446671 0.295916 0.036410 0.093850
1 0.320052 0.612127 0.123119 0.095940
1 0.428102 0.612493 0.114240 0.055142
1 0.451519 0.529625 0.557564 0.262292
1 0.335313 0.547139 0.112278 0.067357
1 0.624324 0.445170 0.096219 0.056848
1 0.986512 0.744095 0.026647 0.077398
1 0.415368 0.675455 0.156384 0.114858
1 0.470282 0.915189 0.198639 0.143095
9 0.553750 0.633083 0.892500 0.731959
9 0.894375 0.283974 0.076250 0.076851
