1 0.578771 0.869652 0.296801 0.235846
1 0.269093 0.828401 0.287396 0.208385
1 0.874169 0.839171 0.250661 0.192761
1 0.308013 0.196440 0.146760 0.198707
1 0.243073 0.405555 0.207878 0.186273
1 0.974339 0.209318 0.050418 0.164295
1 0.159114 0.196058 0.148858 0.186183
1 0.047274 0.195737 0.094007 0.181304
1 0.067528 0.823618 0.134280 0.230828
6 0.388709 0.042363 0.122870 0.084042
1 0.886244 0.205699 0.137193 0.160077
1 0.445695 0.374877 0.159376 0.137776
6 0.198073 0.044295 0.098904 0.087932
1 0.088798 0.394108 0.177596 0.175587
1 0.947791 0.381268 0.103640 0.128062
9 0.306597 0.847000 0.067466 0.162000
9 0.820090 0.833000 0.152924 0.150000
9 0.428786 0.379000 0.113943 0.118000
9 0.472264 0.200000 0.140930 0.128000
9 0.098201 0.432000 0.115442 0.136000
9 0.885307 0.207000 0.130435 0.150000
9 0.176162 0.318000 0.352324 0.380000
9 0.308096 0.195000 0.151424 0.210000
