1 0.457003 0.523516 0.597696 0.806489
1 0.250087 0.704286 0.187375 0.383535
1 0.646432 0.744511 0.202540 0.351019
1 0.231110 0.450243 0.121323 0.218963
1 0.360874 0.482782 0.143753 0.323885
1 0.473112 0.274412 0.135374 0.288312
1 0.327197 0.260722 0.147687 0.273409
1 0.718915 0.587622 0.076397 0.223999
1 0.635623 0.470493 0.125099 0.254870
1 0.451556 0.788977 0.179795 0.315157
9 0.515448 0.802511 0.104016 0.321918
9 0.220391 0.732877 0.125644 0.301370
9 0.331617 0.416667 0.080330 0.180365
9 0.117405 0.371005 0.100927 0.152968
9 0.468589 0.308219 0.059732 0.127854
9 0.725541 0.425799 0.548919 0.851598
9 0.299176 0.663242 0.087539 0.376712
9 0.632338 0.621005 0.251287 0.566210
9 0.361998 0.374429 0.402678 0.497717
