1 0.256946 0.188485 0.131024 0.100136
1 0.933383 0.090566 0.133233 0.109988
1 0.458216 0.532047 0.568153 0.214240
1 0.746625 0.115915 0.157682 0.118534
1 0.975255 0.175136 0.049362 0.051306
1 0.503642 0.474310 0.115633 0.098472
6 0.372606 0.053499 0.256325 0.106393
1 0.510473 0.599616 0.132325 0.075191
1 0.675318 0.566867 0.116350 0.085398
1 0.669208 0.156189 0.105433 0.082233
1 0.559040 0.544210 0.128977 0.092891
9 0.500000 0.500000 1.000000 1.000000
9 0.293000 0.548726 0.226000 0.170915
9 0.587000 0.525487 0.294000 0.226387
9 0.449000 0.276612 0.126000 0.112444
9 0.934000 0.085457 0.132000 0.098951
