1 0.208791 0.781655 0.417024 0.426812
1 0.150999 0.419131 0.300559 0.232627
1 0.348069 0.746124 0.494485 0.382930
1 0.260553 0.390095 0.293784 0.250622
1 0.073364 0.897280 0.146027 0.198995
1 0.494134 0.387599 0.390864 0.251559
1 0.611722 0.686046 0.340290 0.302484
1 0.899695 0.588067 0.136718 0.114240
1 0.771286 0.644771 0.376076 0.284145
1 0.413279 0.685895 0.213999 0.214963
1 0.766487 0.446539 0.143129 0.093239
1 0.787855 0.591736 0.045714 0.058803
9 0.073333 0.903000 0.146667 0.194000
9 0.110000 0.514000 0.220000 0.336000
9 0.389333 0.609000 0.778667 0.718000
9 0.394667 0.678000 0.194667 0.180000
9 0.210667 0.784000 0.421333 0.432000
9 0.916000 0.606000 0.168000 0.152000
9 0.149333 0.423000 0.298667 0.242000
9 0.940667 0.306000 0.118667 0.220000
9 0.610667 0.490000 0.709333 0.592000
9 0.622000 0.102000 0.230667 0.204000
9 0.322667 0.066000 0.162667 0.132000
