1 0.330702 0.622834 0.092706 0.072752
1 0.751450 0.838329 0.092617 0.077697
1 0.723521 0.624785 0.108651 0.080455
1 0.482698 0.539435 0.069156 0.061486
1 0.649341 0.016841 0.059844 0.033582
1 0.629281 0.465982 0.062180 0.036857
1 0.848258 0.133535 0.047606 0.038709
1 0.597892 0.738663 0.101182 0.079831
1 0.864775 0.061489 0.038924 0.031498
1 0.799779 0.134162 0.050562 0.040312
1 0.144742 0.294789 0.064012 0.060207
1 0.257337 0.467643 0.062495 0.043072
1 0.176110 0.709248 0.051263 0.031184
1 0.445738 0.600833 0.075856 0.048187
1 0.113039 0.615661 0.052722 0.033081
1 0.181253 0.488044 0.073267 0.035024
1 0.566923 0.431402 0.043302 0.023047
1 0.428154 0.851854 0.061617 0.059700
1 0.731697 0.444564 0.029499 0.029392
1 0.355963 0.471275 0.085660 0.058789
1 0.825144 0.162890 0.038025 0.028526
1 0.660084 0.968228 0.093850 0.059375
1 0.757158 0.052984 0.049325 0.044658
1 0.081668 0.458840 0.050685 0.042009
1 0.238171 0.503298 0.046835 0.029196
1 0.699215 0.007069 0.044469 0.014139
1 0.498218 0.451615 0.032876 0.021563
1 0.672359 0.073624 0.040406 0.021789
1 0.541712 0.739002 0.216540 0.095933
1 0.428702 0.920583 0.082431 0.092316
1 0.604158 0.411594 0.033442 0.015176
1 0.670225 0.886993 0.044504 0.037387
1 0.128098 0.390509 0.045830 0.032216
1 0.432180 0.424482 0.029645 0.031421
1 0.398930 0.712600 0.069290 0.058397
9 0.500000 0.541229 1.000000 0.917541
9 0.772000 0.090705 0.456000 0.181409
9 0.512000 0.841829 0.304000 0.316342
9 0.729000 0.620690 0.102000 0.083958
9 0.399000 0.581709 0.242000 0.149925
