1 0.859730 0.606008 0.280539 0.253796
1 0.691538 0.871008 0.362217 0.257147
1 0.520902 0.103337 0.276928 0.206535
1 0.498356 0.666971 0.347839 0.262128
1 0.615372 0.430730 0.352676 0.277301
1 0.860011 0.111975 0.279978 0.222985
1 0.500404 0.497950 0.993201 0.994516
1 0.157762 0.088691 0.294879 0.177095
1 0.275043 0.379780 0.352582 0.268153
1 0.117107 0.628213 0.233498 0.221982
1 0.876655 0.371398 0.246691 0.217631
1 0.352403 0.794533 0.289146 0.230285
1 0.084462 0.859173 0.167928 0.278293
1 0.641188 0.238189 0.280912 0.177912
1 0.465482 0.981659 0.276296 0.036085
1 0.203009 0.938701 0.338732 0.122272
1 0.312588 0.195676 0.312387 0.203462
1 0.695068 0.662445 0.139769 0.176331
9 0.500000 0.500000 1.000000 1.000000
