1 0.128064 0.344188 0.256127 0.197925
1 0.155563 0.733517 0.228332 0.141336
1 0.592299 0.341904 0.270930 0.197483
1 0.348965 0.418900 0.309689 0.212292
1 0.463845 0.750943 0.262299 0.209485
1 0.740156 0.895958 0.268939 0.177028
1 0.437268 0.738870 0.206043 0.186484
1 0.792859 0.902742 0.376239 0.190869
1 0.974288 0.761236 0.051424 0.043380
1 0.045336 0.466649 0.089005 0.164885
1 0.392540 0.144772 0.289257 0.095120
1 0.645173 0.544524 0.089416 0.054677
1 0.250086 0.846783 0.091588 0.053663
1 0.894235 0.943797 0.168971 0.111469
1 0.588057 0.478015 0.110477 0.087481
1 0.264497 0.651110 0.156207 0.106895
1 0.367232 0.391657 0.732471 0.297608
9 0.196000 0.874000 0.392000 0.252000
9 0.500000 0.458000 1.000000 0.916000
9 0.797000 0.905333 0.374000 0.189333
9 0.148000 0.738000 0.208000 0.113333
9 0.462000 0.751333 0.252000 0.180000
9 0.363000 0.376000 0.726000 0.261333
9 0.337000 0.137333 0.190000 0.066667
