1 0.740657 0.762804 0.236867 0.300412
1 0.372325 0.756104 0.232902 0.297550
1 0.883728 0.675559 0.207554 0.279644
1 0.307742 0.391469 0.185454 0.237160
1 0.025930 0.625589 0.051564 0.249010
1 0.709744 0.413481 0.197156 0.258275
1 0.512221 0.402467 0.187033 0.259047
1 0.534640 0.680533 0.203765 0.295674
1 0.170869 0.726675 0.205205 0.259195
1 0.070984 0.488466 0.140379 0.228510
1 0.449286 0.579989 0.885976 0.622643
1 0.162738 0.596693 0.186498 0.148724
1 0.044883 0.888537 0.089132 0.207212
1 0.693883 0.590205 0.167598 0.113399
1 0.817066 0.551731 0.137723 0.139370
1 0.130720 0.405070 0.135553 0.187617
1 0.617900 0.534115 0.084094 0.092177
9 0.500000 0.602000 1.000000 0.796000
