1 0.382677 0.276586 0.447601 0.289039
1 0.544508 0.766265 0.459207 0.242698
1 0.414291 0.575645 0.393038 0.261850
1 0.697099 0.463419 0.519552 0.300476
1 0.555729 0.543797 0.810015 0.822591
1 0.769528 0.498151 0.376148 0.228925
1 0.819282 0.010790 0.210080 0.021225
9 0.483000 0.620000 0.122000 0.114667
9 0.788000 0.380667 0.184000 0.092000
9 0.398000 0.268000 0.408000 0.264000
9 0.622000 0.927333 0.212000 0.145333
9 0.185000 0.428000 0.122000 0.130667
9 0.823000 0.490000 0.338000 0.372000
9 0.273000 0.306000 0.186000 0.172000
9 0.098000 0.258000 0.196000 0.180000
9 0.433000 0.159333 0.866000 0.318667
