1 0.140617 0.625493 0.281234 0.401821
1 0.447446 0.359602 0.694310 0.472219
1 0.503284 0.514611 0.993432 0.962321
1 0.671530 0.790651 0.656940 0.417154
1 0.476592 0.701819 0.444902 0.299606
1 0.790010 0.128841 0.415213 0.256244
1 0.137403 0.872867 0.273234 0.252825
1 0.272688 0.102013 0.296627 0.203313
1 0.143681 0.034000 0.286140 0.067694
1 0.504943 0.318910 0.988379 0.632803
1 0.493242 0.038107 0.190477 0.076043
1 0.837011 0.419036 0.324697 0.383303
9 0.053125 0.333611 0.106250 0.086739
9 0.538750 0.500000 0.922500 1.000000
