1 0.518682 0.311124 0.416489 0.313037
1 0.229021 0.117792 0.398261 0.234878
1 0.760214 0.493708 0.339135 0.239772
1 0.420055 0.572941 0.398042 0.296701
1 0.189153 0.351864 0.279159 0.322614
1 0.899019 0.409260 0.201559 0.307911
1 0.053361 0.333805 0.105927 0.364164
1 0.501277 0.507419 0.995263 0.985162
1 0.769559 0.764536 0.460882 0.347972
1 0.732363 0.100876 0.508532 0.200904
1 0.827658 0.253251 0.310982 0.231026
1 0.145002 0.672461 0.288700 0.378641
1 0.484473 0.079971 0.143014 0.159275
1 0.029754 0.093900 0.059054 0.186183
9 0.971250 0.964855 0.057500 0.070291
9 0.055625 0.940019 0.111250 0.119963
9 0.500000 0.500000 1.000000 1.000000
