1 0.380795 0.778488 0.144882 0.104442
1 0.481487 0.891791 0.139997 0.110592
1 0.519261 0.670398 0.140128 0.104546
1 0.307150 0.654025 0.122068 0.083181
1 0.577402 0.335980 0.108087 0.106737
1 0.398116 0.662903 0.116224 0.084548
1 0.467729 0.355669 0.135642 0.102832
1 0.530147 0.434647 0.134479 0.106668
1 0.409545 0.440465 0.117891 0.098753
1 0.525361 0.934734 0.131899 0.097133
1 0.359559 0.424836 0.105297 0.088843
1 0.496670 0.505927 0.126078 0.060593
9 0.503000 0.935268 0.194000 0.129464
9 0.379000 0.564732 0.758000 0.572917
9 0.335000 0.328125 0.126000 0.126488
9 0.494000 0.247768 0.196000 0.111607
9 0.386000 0.766369 0.140000 0.086310
