6 0.396031 0.350065 0.110771 0.170162
6 0.023540 0.397764 0.047079 0.088552
6 0.745914 0.368834 0.061681 0.069319
6 0.086632 0.409909 0.057116 0.080228
1 0.501537 0.686249 0.996655 0.624197
6 0.206514 0.397951 0.040459 0.088642
6 0.578776 0.369387 0.053913 0.078648
6 0.157573 0.402868 0.039229 0.083478
6 0.256513 0.389259 0.075917 0.096151
6 0.129346 0.407303 0.058804 0.094779
1 0.189124 0.550954 0.081040 0.089532
1 0.586777 0.576916 0.059829 0.080086
6 0.966723 0.365309 0.040819 0.059646
1 0.234654 0.950766 0.121308 0.098468
6 0.914045 0.371626 0.040957 0.060985
1 0.288980 0.607394 0.082604 0.094263
1 0.331430 0.760146 0.079393 0.114744
1 0.404821 0.644390 0.080207 0.107087
1 0.312771 0.682661 0.085004 0.093152
1 0.559883 0.530520 0.057022 0.068365
6 0.914001 0.364471 0.037664 0.046248
1 0.384200 0.935867 0.120334 0.128266
1 0.491172 0.923295 0.103504 0.153410
1 0.630025 0.783254 0.072665 0.094362
1 0.649950 0.704420 0.077924 0.093746
6 0.638971 0.372400 0.079247 0.103657
1 0.106878 0.712463 0.119637 0.125016
1 0.753674 0.947963 0.099376 0.104075
1 0.117335 0.501083 0.083505 0.094871
1 0.065770 0.919544 0.131540 0.154762
1 0.081540 0.627255 0.091445 0.095972
1 0.060062 0.570957 0.090350 0.086471
6 0.006126 0.396755 0.012252 0.085754
9 0.416042 0.329000 0.112444 0.166000
9 0.500000 0.565000 1.000000 0.870000
