1 0.369382 0.521508 0.402797 0.265469
1 0.775238 0.172040 0.447106 0.295620
1 0.082718 0.176277 0.165437 0.260752
1 0.368456 0.180866 0.438135 0.269906
1 0.763658 0.513417 0.432163 0.268237
1 0.099052 0.506773 0.198103 0.248445
1 0.099491 0.830447 0.198395 0.228662
1 0.753589 0.836730 0.488467 0.241898
1 0.535397 0.832143 0.886980 0.238227
1 0.358864 0.828805 0.358543 0.230313
9 0.094103 0.864000 0.188206 0.192000
9 0.691343 0.556000 0.143036 0.204000
9 0.853827 0.508000 0.154329 0.236000
9 0.666248 0.244000 0.140527 0.156000
9 0.080928 0.178000 0.161857 0.280000
