1 0.586717 0.227582 0.294092 0.170026
1 0.354996 0.786410 0.249679 0.179584
1 0.544898 0.646879 0.310855 0.183858
1 0.662521 0.499628 0.210421 0.175060
1 0.422656 0.472650 0.303529 0.210796
1 0.473119 0.913526 0.219276 0.077417
1 0.738892 0.824387 0.182594 0.212491
1 0.055460 0.413020 0.080680 0.074238
1 0.201176 0.774719 0.160657 0.165435
1 0.649467 0.395382 0.075602 0.033074
1 0.597781 0.832610 0.464860 0.243282
1 0.226200 0.414121 0.116638 0.067836
9 0.764000 0.572835 0.164000 0.122047
9 0.500000 0.500000 1.000000 1.000000
9 0.741000 0.794619 0.162000 0.171916
9 0.362000 0.737533 0.188000 0.078740
9 0.520000 0.526247 0.492000 0.312336
9 0.630000 0.200131 0.196000 0.108924
