1 0.501734 0.605673 0.432666 0.765047
1 0.152424 0.542167 0.303826 0.750258
1 0.839453 0.609512 0.320418 0.762559
1 0.829483 0.106375 0.337175 0.211272
1 0.485738 0.092565 0.308508 0.185053
1 0.167977 0.082291 0.334548 0.163314
1 0.852488 0.145196 0.099699 0.131989
1 0.105175 0.563368 0.084601 0.105045
1 0.369708 0.087699 0.073040 0.105384
1 0.074665 0.453625 0.083231 0.098495
1 0.979059 0.080055 0.041015 0.097611
1 0.598660 0.528884 0.079381 0.104903
1 0.461880 0.639600 0.088129 0.118062
1 0.762848 0.151957 0.079997 0.104436
1 0.691526 0.620789 0.089417 0.124629
9 0.183303 0.500000 0.366606 1.000000
9 0.500454 0.821250 0.478221 0.357500
9 0.387931 0.666875 0.202359 0.253750
9 0.976407 0.064375 0.047187 0.128750
9 0.523140 0.293125 0.423775 0.586250
