1 0.764445 0.331036 0.071907 0.054281
1 0.698315 0.102551 0.070241 0.049349
1 0.205853 0.506258 0.060746 0.045803
1 0.840190 0.919081 0.072357 0.057891
1 0.579454 0.628121 0.066976 0.051591
1 0.293162 0.454037 0.065017 0.046725
1 0.709848 0.354680 0.063959 0.052817
1 0.332014 0.511426 0.062816 0.048220
1 0.783859 0.583782 0.069974 0.055845
1 0.149096 0.362097 0.069997 0.049149
1 0.486490 0.439227 0.052971 0.041795
1 0.826795 0.877271 0.055926 0.038069
1 0.807361 0.508779 0.063874 0.048123
1 0.548873 0.669519 0.086778 0.054402
1 0.517296 0.737764 0.040928 0.036384
1 0.859666 0.332654 0.054433 0.040115
1 0.439318 0.478198 0.053774 0.052091
1 0.842547 0.654417 0.037267 0.044744
1 0.366838 0.926775 0.043338 0.028913
1 0.033087 0.813441 0.052128 0.037201
1 0.496304 0.774423 0.034881 0.022347
1 0.112949 0.692907 0.047914 0.038965
1 0.540646 0.050242 0.082591 0.059137
1 0.785144 0.768242 0.059875 0.033109
1 0.869461 0.988338 0.041235 0.022124
1 0.075095 0.903833 0.053563 0.046033
1 0.845993 0.005973 0.047994 0.011918
1 0.089784 0.803202 0.045101 0.036774
1 0.527424 0.425808 0.041447 0.029921
1 0.791764 0.196464 0.032475 0.019875
1 0.102428 0.800372 0.068996 0.042502
1 0.266148 0.692883 0.036790 0.023632
1 0.940235 0.405084 0.046966 0.025096
1 0.330717 0.871752 0.048465 0.042433
1 0.864914 0.058803 0.061224 0.048196
1 0.670145 0.502672 0.037323 0.040209
1 0.497622 0.090243 0.055492 0.030443
1 0.650045 0.354192 0.039028 0.038294
1 0.384302 0.539175 0.044568 0.041942
9 0.500000 0.500000 1.000000 1.000000
