1 0.263214 0.611780 0.294251 0.134298
1 0.164231 0.383973 0.274342 0.126191
1 0.726276 0.707346 0.337201 0.145051
1 0.749314 0.438664 0.300501 0.138614
1 0.480736 0.488905 0.312742 0.143760
1 0.172940 0.500472 0.298103 0.115600
1 0.540299 0.608838 0.302104 0.123073
1 0.478868 0.488615 0.934185 0.635835
1 0.799125 0.558342 0.297001 0.149777
1 0.187773 0.732875 0.268250 0.127059
1 0.431692 0.354270 0.316235 0.139668
1 0.762105 0.306409 0.308018 0.137499
1 0.427378 0.727782 0.274975 0.137815
1 0.231371 0.252735 0.328182 0.140356
1 0.513543 0.245103 0.269856 0.127959
9 0.512500 0.496063 0.975000 0.667042
