4 0.112469 0.754893 0.222645 0.330165
1 0.855104 0.761885 0.247580 0.174216
1 0.490250 0.559043 0.234161 0.110408
1 0.281938 0.617818 0.246347 0.164377
1 0.905232 0.850468 0.186364 0.166043
1 0.174527 0.536272 0.240842 0.131656
1 0.466039 0.668239 0.299315 0.169742
1 0.385100 0.613214 0.460525 0.221408
1 0.493314 0.651527 0.242269 0.125973
9 0.924000 0.965287 0.152000 0.069426
9 0.629000 0.254339 0.742000 0.508678
9 0.559000 0.656876 0.838000 0.312417
9 0.161000 0.480641 0.242000 0.152203
9 0.085000 0.265020 0.170000 0.153538
