1 0.199744 0.132450 0.399487 0.264494
1 0.588175 0.266146 0.495025 0.292971
1 0.630391 0.505630 0.426038 0.227876
1 0.203234 0.775648 0.406468 0.371569
1 0.875416 0.324418 0.247913 0.254066
1 0.699820 0.789320 0.354659 0.229794
1 0.922178 0.505753 0.154705 0.109529
1 0.689963 0.034891 0.195117 0.069629
1 0.338844 0.520854 0.093983 0.050707
1 0.244835 0.954357 0.164277 0.091141
1 0.396371 0.993404 0.139992 0.012391
1 0.477376 0.785240 0.118226 0.082684
1 0.785966 0.636029 0.133652 0.054470
1 0.935835 0.601405 0.125897 0.052636
1 0.910479 0.748998 0.137270 0.092676
1 0.668436 0.369171 0.656294 0.502637
9 0.607000 0.968504 0.162000 0.062992
9 0.417000 0.934758 0.234000 0.130484
9 0.853000 0.895388 0.294000 0.209224
9 0.875000 0.663667 0.250000 0.098988
9 0.483000 0.634983 0.274000 0.210349
9 0.214000 0.446569 0.428000 0.409449
9 0.069000 0.092801 0.138000 0.140607
9 0.660000 0.097300 0.680000 0.194601
9 0.711000 0.787964 0.578000 0.235096
9 0.206000 0.794713 0.412000 0.410574
9 0.935000 0.593363 0.130000 0.061867
9 0.667000 0.034308 0.178000 0.068616
9 0.500000 0.314961 1.000000 0.629921
