1 0.036725 0.279057 0.072251 0.119121
1 0.502451 0.518552 0.674879 0.246788
1 0.711033 0.206806 0.127724 0.044177
1 0.847447 0.661502 0.107871 0.070109
1 0.656480 0.771596 0.128017 0.021325
1 0.151008 0.859955 0.074048 0.046679
1 0.901846 0.481443 0.091597 0.023290
9 0.862500 0.518286 0.070000 0.062857
9 0.958125 0.066571 0.083750 0.040571
9 0.150000 0.860000 0.067500 0.045714
9 0.460625 0.704857 0.091250 0.040571
9 0.867500 0.648571 0.080000 0.058286
9 0.557500 0.498857 0.775000 0.250286
9 0.723125 0.197143 0.133750 0.056000
9 0.716250 0.020000 0.130000 0.040000
