1 0.281207 0.746697 0.269763 0.485339
1 0.136153 0.423413 0.230452 0.366540
1 0.078324 0.744420 0.155808 0.484751
1 0.359349 0.440571 0.229845 0.376253
1 0.584829 0.427956 0.222353 0.336857
1 0.560656 0.753101 0.276796 0.472689
1 0.833927 0.733555 0.279619 0.493336
1 0.813102 0.399140 0.232028 0.328934
1 0.498958 0.499353 0.993071 0.994136
1 0.014807 0.408869 0.029415 0.201776
1 0.980721 0.750967 0.037318 0.394492
1 0.161759 0.233106 0.173500 0.177193
1 0.331105 0.245799 0.158958 0.182071
1 0.960261 0.410172 0.078436 0.374854
1 0.667620 0.261697 0.167000 0.239822
1 0.133812 0.114743 0.141383 0.187409
9 0.953881 0.951000 0.092238 0.098000
9 0.500000 0.500000 1.000000 1.000000
