1 0.501940 0.723871 0.318621 0.334496
1 0.111577 0.779941 0.222221 0.288368
1 0.896177 0.902977 0.205941 0.192561
1 0.310138 0.901419 0.320524 0.196173
1 0.878342 0.073885 0.242297 0.147016
1 0.808307 0.220745 0.315061 0.278524
1 0.078893 0.957331 0.156827 0.084344
1 0.285607 0.595093 0.285298 0.287188
1 0.826120 0.708611 0.313098 0.330717
1 0.648228 0.902273 0.311370 0.194543
1 0.106724 0.052423 0.212557 0.104293
1 0.581690 0.126102 0.277943 0.252070
1 0.903046 0.461119 0.193132 0.329674
9 0.500000 0.500000 1.000000 1.000000
