1 0.171131 0.242437 0.342263 0.212710
1 0.536520 0.743214 0.411884 0.193266
1 0.590594 0.236871 0.469109 0.223989
1 0.840445 0.376233 0.298765 0.125489
1 0.400194 0.411101 0.400182 0.194846
1 0.754023 0.508447 0.414526 0.204726
1 0.591654 0.370487 0.799827 0.483895
1 0.975050 0.031041 0.049084 0.061739
1 0.420097 0.549257 0.262494 0.094804
9 0.278125 0.955760 0.361250 0.088480
9 0.510625 0.885392 0.301250 0.093824
9 0.348125 0.850653 0.093750 0.046912
9 0.925625 0.815618 0.111250 0.040974
9 0.835000 0.747328 0.132500 0.057601
9 0.335625 0.686461 0.096250 0.041568
9 0.742500 0.644893 0.177500 0.072447
9 0.222500 0.778800 0.445000 0.372328
9 0.189375 0.559086 0.216250 0.082542
9 0.636875 0.368468 0.103750 0.025534
9 0.804375 0.131532 0.186250 0.045724
9 0.964375 0.133017 0.071250 0.055819
9 0.180625 0.108373 0.103750 0.055226
9 0.780625 0.054632 0.371250 0.109264
9 0.526250 0.012470 0.102500 0.024941
9 0.959375 0.746734 0.081250 0.055226
9 0.476875 0.752969 0.538750 0.220903
9 0.500000 0.345012 1.000000 0.546318
9 0.465000 0.036817 0.210000 0.073634
