1 0.358341 0.351796 0.272611 0.360240
1 0.165673 0.623008 0.303019 0.369048
1 0.178067 0.291913 0.232491 0.305101
1 0.499768 0.495835 0.993983 0.991670
1 0.502758 0.584674 0.234860 0.292363
1 0.713841 0.633781 0.153647 0.250873
1 0.645643 0.780443 0.152584 0.300004
1 0.583274 0.478848 0.182131 0.243890
1 0.437662 0.823499 0.310287 0.340230
1 0.720168 0.402768 0.154958 0.223461
1 0.814777 0.567059 0.121649 0.216894
1 0.614920 0.247642 0.183532 0.230564
1 0.346399 0.128140 0.143754 0.128623
1 0.467644 0.268052 0.160362 0.247418
1 0.876097 0.490789 0.104515 0.172564
1 0.799957 0.367125 0.100614 0.186061
1 0.761551 0.876586 0.146814 0.240075
1 0.119903 0.108577 0.128317 0.145331
9 0.217083 0.546460 0.084167 0.068584
9 0.500000 0.500000 1.000000 1.000000
