1 0.668743 0.259753 0.304518 0.204541
1 0.747309 0.878328 0.177676 0.150551
1 0.314261 0.803120 0.191320 0.107652
1 0.568027 0.671580 0.246972 0.173393
1 0.959341 0.247672 0.081318 0.071464
1 0.845667 0.516503 0.088021 0.056594
1 0.582321 0.535882 0.188813 0.132090
1 0.361987 0.475020 0.582294 0.363324
1 0.305721 0.575140 0.235015 0.161157
1 0.508002 0.444674 0.255878 0.181890
1 0.240992 0.417264 0.334059 0.232585
9 0.142763 0.956140 0.235526 0.087719
9 0.500000 0.500000 1.000000 1.000000
9 0.185526 0.924123 0.194737 0.093860
9 0.313158 0.804386 0.186842 0.115789
9 0.747368 0.839912 0.221053 0.221930
9 0.861842 0.504386 0.107895 0.073684
9 0.961184 0.248246 0.077632 0.068421
9 0.467105 0.446491 0.781579 0.622807
