1 0.390600 0.848069 0.193526 0.198318
1 0.824459 0.845364 0.210838 0.238328
1 0.410618 0.376958 0.172197 0.198589
1 0.599226 0.416788 0.173247 0.146550
1 0.228117 0.410769 0.163892 0.174013
1 0.421060 0.166518 0.144421 0.125064
1 0.942670 0.433801 0.113702 0.179596
1 0.610802 0.876269 0.195293 0.167271
1 0.777536 0.400212 0.178701 0.210642
1 0.182632 0.821281 0.195671 0.229668
1 0.915923 0.172172 0.166854 0.158494
1 0.745109 0.174764 0.152687 0.149646
1 0.059974 0.422666 0.119631 0.181800
1 0.255964 0.184575 0.143499 0.116403
1 0.860039 0.031365 0.171184 0.060228
1 0.092127 0.173723 0.145910 0.149043
1 0.626438 0.021826 0.184711 0.041515
9 0.101111 0.748333 0.202222 0.503333
9 0.500000 0.500000 1.000000 1.000000
9 0.831111 0.846667 0.222222 0.240000
