1 0.272705 0.510342 0.540443 0.302704
1 0.397100 0.837271 0.603575 0.325131
1 0.201456 0.946666 0.398506 0.105840
1 0.662483 0.376553 0.407830 0.242744
1 0.386851 0.115159 0.330074 0.182241
1 0.826899 0.875268 0.340794 0.247628
1 0.498717 0.444307 0.997434 0.880615
1 0.794839 0.211055 0.323770 0.197446
1 0.131020 0.195223 0.259345 0.170891
1 0.490654 0.640538 0.384081 0.207835
1 0.474587 0.259438 0.341225 0.198469
1 0.788087 0.607530 0.419472 0.291492
1 0.109768 0.264994 0.218500 0.251708
1 0.760086 0.099805 0.272437 0.137624
1 0.941666 0.097271 0.113992 0.161210
1 0.124339 0.103071 0.226521 0.093783
9 0.206875 0.979592 0.091250 0.040816
9 0.500000 0.500000 1.000000 1.000000
