1 0.778617 0.466865 0.144479 0.390327
1 0.204384 0.521910 0.108557 0.427265
1 0.500626 0.495827 0.697873 0.990096
1 0.674019 0.827173 0.266150 0.323800
1 0.350757 0.147564 0.249623 0.286578
1 0.374447 0.872130 0.278716 0.243525
1 0.605673 0.137681 0.268429 0.272137
1 0.633635 0.331731 0.162085 0.219822
1 0.582489 0.158399 0.223623 0.224489
1 0.555908 0.792284 0.103127 0.259740
1 0.706792 0.567154 0.097554 0.250136
1 0.550180 0.531181 0.168374 0.206403
9 0.502203 0.365512 0.072687 0.196370
9 0.688877 0.831683 0.236784 0.326733
9 0.325991 0.653465 0.352423 0.693069
9 0.779185 0.466172 0.144273 0.391089
9 0.610132 0.138614 0.259912 0.277228
9 0.339758 0.132013 0.238987 0.264026
