1 0.872128 0.266684 0.254723 0.218822
1 0.913603 0.766442 0.170392 0.229808
1 0.643542 0.405668 0.335919 0.206931
1 0.322920 0.124054 0.298622 0.205942
1 0.523371 0.654103 0.487890 0.297966
1 0.421261 0.189485 0.497909 0.338241
1 0.320272 0.290923 0.175038 0.135359
1 0.176077 0.693309 0.157214 0.118325
1 0.536714 0.237088 0.266441 0.172199
1 0.737434 0.014395 0.088609 0.028601
1 0.616425 0.736087 0.271957 0.132876
9 0.077000 0.952730 0.154000 0.094541
9 0.290000 0.902796 0.332000 0.178429
9 0.822000 0.872170 0.220000 0.215712
9 0.108000 0.764980 0.216000 0.230360
9 0.797000 0.579228 0.406000 0.434088
9 0.500000 0.309587 1.000000 0.619174
9 0.716000 0.941411 0.152000 0.058589
9 0.916000 0.749667 0.168000 0.194407
9 0.526000 0.592543 0.476000 0.175766
9 0.648000 0.396804 0.336000 0.189081
9 0.874000 0.250333 0.252000 0.181092
9 0.320000 0.111851 0.292000 0.181092
