1 0.445143 0.769194 0.256154 0.202119
1 0.901176 0.797857 0.197382 0.227350
1 0.108268 0.436161 0.216537 0.178892
1 0.680587 0.915096 0.342743 0.168858
1 0.727386 0.531061 0.276890 0.168890
1 0.923795 0.947013 0.151837 0.105287
1 0.439256 0.573120 0.385530 0.219595
1 0.174379 0.861133 0.277408 0.197282
1 0.672278 0.709746 0.280417 0.139722
1 0.279156 0.188004 0.236020 0.183575
1 0.907636 0.638239 0.184729 0.126722
1 0.914072 0.492316 0.171857 0.182101
1 0.308161 0.426638 0.202880 0.158703
1 0.385331 0.321317 0.156895 0.161252
1 0.186415 0.671374 0.317286 0.203456
1 0.033570 0.170688 0.066945 0.110456
1 0.500804 0.497472 0.998393 0.993543
1 0.968247 0.345990 0.063506 0.123398
1 0.921498 0.169203 0.154628 0.097137
9 0.500000 0.500000 1.000000 1.000000
9 0.380000 0.284108 0.760000 0.568216
