1 0.166398 0.150376 0.194548 0.134212
1 0.846303 0.336336 0.172049 0.121866
1 0.658058 0.574513 0.180806 0.117924
1 0.801773 0.542232 0.150267 0.120389
1 0.699067 0.307741 0.157924 0.112560
1 0.410223 0.420631 0.091031 0.066725
1 0.585425 0.291707 0.152817 0.104567
1 0.629344 0.747932 0.132329 0.085609
1 0.540487 0.562048 0.103355 0.090998
1 0.747781 0.694838 0.170843 0.113577
1 0.928438 0.394855 0.141567 0.082341
1 0.469084 0.577379 0.082945 0.058914
1 0.415045 0.659349 0.081220 0.049505
1 0.874641 0.257237 0.145298 0.089076
1 0.522660 0.704311 0.076724 0.055451
1 0.273969 0.365482 0.082078 0.054491
1 0.321032 0.408536 0.095615 0.073650
1 0.552468 0.636016 0.093956 0.071168
1 0.376309 0.531910 0.056567 0.038183
1 0.165817 0.397434 0.064178 0.046516
1 0.349865 0.681751 0.068156 0.049478
1 0.652827 0.661962 0.140792 0.085306
1 0.459801 0.447256 0.078014 0.056119
1 0.267675 0.434299 0.078647 0.055436
1 0.925388 0.442942 0.132774 0.053558
1 0.519750 0.443896 0.058538 0.045501
1 0.301594 0.479696 0.075226 0.052052
1 0.346018 0.600187 0.052714 0.029425
1 0.451313 0.248872 0.068909 0.055040
1 0.909934 0.729141 0.032437 0.019986
1 0.322614 0.645808 0.082795 0.041941
1 0.312519 0.647042 0.061318 0.038407
9 0.286838 0.809211 0.573677 0.189850
9 0.900572 0.776316 0.198856 0.248120
9 0.434192 0.511748 0.187411 0.072368
9 0.874821 0.507049 0.250358 0.213346
9 0.613019 0.436090 0.210300 0.167293
9 0.123748 0.354793 0.204578 0.091165
9 0.500000 0.202068 1.000000 0.404135
9 0.744635 0.704417 0.175966 0.134398
9 0.384120 0.661184 0.130186 0.057331
9 0.169528 0.148966 0.187411 0.132519
