6 0.226549 0.586310 0.244692 0.808348
1 0.609373 0.741223 0.762209 0.505637
6 0.806396 0.289781 0.174089 0.148565
6 0.980018 0.331992 0.039033 0.076480
1 0.712160 0.501176 0.452483 0.310507
1 0.888565 0.530305 0.062395 0.081028
1 0.788998 0.578757 0.060368 0.079461
6 0.940020 0.337485 0.036507 0.067438
6 0.987356 0.331219 0.024495 0.075897
1 0.969930 0.424356 0.058392 0.079218
9 0.936000 0.925000 0.128000 0.150000
9 0.301333 0.664000 0.136000 0.152000
9 0.437333 0.552000 0.130667 0.128000
9 0.860000 0.472000 0.130667 0.192000
9 0.611333 0.680000 0.777333 0.640000
