1 0.500449 0.497458 0.997592 0.994305
1 0.089970 0.656522 0.179446 0.313617
1 0.406580 0.254443 0.808878 0.506935
1 0.185255 0.803634 0.263054 0.344936
1 0.542270 0.774173 0.314608 0.397990
1 0.563534 0.429288 0.258204 0.328785
1 0.753225 0.556608 0.296829 0.341852
1 0.811397 0.850681 0.377205 0.297193
1 0.866057 0.120019 0.207194 0.239850
1 0.323991 0.909796 0.288289 0.179413
1 0.888088 0.363783 0.223823 0.332458
1 0.062482 0.910466 0.123740 0.177883
1 0.923660 0.682116 0.152680 0.408108
1 0.712494 0.264950 0.238765 0.278069
1 0.369604 0.621602 0.238710 0.333741
1 0.978203 0.121247 0.043594 0.241763
1 0.376043 0.341855 0.201321 0.247475
1 0.639022 0.095960 0.169288 0.187637
1 0.406242 0.161265 0.144774 0.142787
1 0.288149 0.282895 0.140806 0.204561
9 0.500000 0.500000 1.000000 1.000000
9 0.090841 0.620000 0.181682 0.268000
