1 0.168145 0.495056 0.334389 0.989624
1 0.646353 0.496935 0.702263 0.993871
1 0.033768 0.584924 0.067071 0.155484
1 0.568566 0.375953 0.074099 0.124734
1 0.652084 0.379836 0.090989 0.127063
1 0.654451 0.508555 0.087294 0.138187
1 0.492575 0.356253 0.083963 0.137308
1 0.360687 0.514294 0.095540 0.141217
1 0.907757 0.428400 0.096659 0.135857
1 0.350384 0.383124 0.089211 0.132377
1 0.242904 0.665702 0.108728 0.170218
1 0.977828 0.441925 0.043581 0.146108
1 0.114224 0.339316 0.095502 0.137224
1 0.034325 0.555077 0.068335 0.222445
1 0.814176 0.590557 0.101485 0.139933
1 0.890789 0.543078 0.102364 0.139043
1 0.414258 0.310313 0.082903 0.130647
9 0.166316 0.500000 0.332632 1.000000
9 0.648421 0.500000 0.703158 1.000000
