1 0.410359 0.726014 0.798771 0.485614
1 0.173842 0.823723 0.346278 0.349965
1 0.247104 0.742944 0.104396 0.079386
1 0.670853 0.645379 0.644885 0.349190
1 0.044171 0.735173 0.088342 0.097413
1 0.348449 0.665043 0.079765 0.054842
1 0.193288 0.613978 0.086579 0.047032
1 0.155667 0.681047 0.109832 0.079359
1 0.264503 0.658319 0.076833 0.037499
1 0.657553 0.773886 0.087442 0.057115
1 0.096613 0.622639 0.089338 0.036502
9 0.150000 0.347826 0.096000 0.140930
9 0.406000 0.734633 0.812000 0.530735
9 0.675000 0.146177 0.138000 0.139430
