6 0.832948 0.314156 0.236453 0.270873
1 0.527644 0.871930 0.325496 0.254995
6 0.522750 0.306689 0.241730 0.140241
1 0.939695 0.945594 0.120256 0.108156
1 0.835509 0.846583 0.264730 0.203610
1 0.614274 0.585651 0.230821 0.136260
1 0.378091 0.619077 0.224767 0.149763
1 0.914828 0.652165 0.170175 0.159351
1 0.801948 0.566767 0.176773 0.137902
1 0.372391 0.458786 0.148082 0.099235
1 0.962093 0.772452 0.075814 0.122082
9 0.314000 0.553223 0.240000 0.104948
9 0.557000 0.563718 0.186000 0.128936
9 0.836000 0.105697 0.236000 0.121439
9 0.211000 0.924288 0.190000 0.151424
9 0.860000 0.898801 0.280000 0.202399
9 0.524000 0.860570 0.212000 0.179910
9 0.103000 0.559220 0.206000 0.173913
9 0.782000 0.420540 0.268000 0.118441
9 0.303000 0.427286 0.266000 0.170915
