1 0.541377 0.581064 0.338205 0.227892
1 0.219339 0.523534 0.330885 0.193902
1 0.568827 0.866927 0.275388 0.169047
1 0.500000 0.515992 1.000000 0.960937
6 0.212046 0.110924 0.421726 0.169186
1 0.460526 0.459088 0.278272 0.131517
6 0.282804 0.707652 0.565608 0.274945
1 0.395896 0.797301 0.269762 0.164072
1 0.641514 0.395309 0.215675 0.119441
1 0.278701 0.330732 0.232201 0.150122
1 0.516252 0.308214 0.214376 0.141919
1 0.262482 0.755016 0.213381 0.092740
1 0.101949 0.356626 0.181620 0.131477
1 0.859616 0.349629 0.189562 0.127802
1 0.749386 0.145070 0.200422 0.133577
1 0.617366 0.235192 0.220474 0.138892
1 0.844371 0.236892 0.183894 0.125222
1 0.413208 0.399505 0.202597 0.094558
1 0.084679 0.441458 0.166323 0.064501
9 0.541875 0.887083 0.178750 0.124167
9 0.278750 0.762500 0.240000 0.101667
9 0.901875 0.727083 0.088750 0.077500
9 0.716250 0.764583 0.330000 0.242500
9 0.544375 0.532917 0.911250 0.360833
9 0.599375 0.350000 0.253750 0.200000
9 0.046875 0.238750 0.093750 0.095833
9 0.295625 0.268333 0.351250 0.251667
9 0.878750 0.230833 0.242500 0.183333
9 0.605625 0.190833 0.133750 0.103333
9 0.767500 0.115833 0.115000 0.068333
9 0.938125 0.769583 0.123750 0.082500
9 0.523125 0.826250 0.363750 0.200833
9 0.641875 0.453750 0.098750 0.047500
9 0.096875 0.437083 0.193750 0.194167
9 0.755000 0.388750 0.120000 0.125833
9 0.917500 0.392917 0.165000 0.187500
9 0.366875 0.330417 0.163750 0.110833
9 0.665625 0.251250 0.176250 0.107500
9 0.309375 0.155833 0.463750 0.193333
9 0.685000 0.124583 0.285000 0.149167
