6 0.268950 0.351362 0.537261 0.699265
1 0.779224 0.416699 0.060176 0.085953
1 0.418975 0.758653 0.310845 0.371268
6 0.693623 0.203359 0.355853 0.403553
1 0.575793 0.315097 0.062053 0.085296
1 0.646563 0.295671 0.207841 0.141823
1 0.516628 0.478052 0.242769 0.165838
1 0.667402 0.275740 0.069423 0.101821
1 0.814537 0.386200 0.061735 0.085734
1 0.503872 0.829798 0.085863 0.125537
6 0.044206 0.461182 0.087942 0.698321
1 0.307777 0.701864 0.087722 0.070325
1 0.604452 0.502549 0.064484 0.102781
1 0.425665 0.876716 0.080419 0.133691
1 0.531087 0.760696 0.086734 0.137167
1 0.631591 0.320702 0.055317 0.075886
6 0.080663 0.548745 0.160958 0.875109
1 0.410172 0.761041 0.080066 0.104951
1 0.378287 0.614315 0.081408 0.081564
1 0.465547 0.506473 0.071575 0.097786
1 0.453558 0.757939 0.072467 0.137632
9 0.042005 0.751000 0.084011 0.146000
9 0.435637 0.773000 0.342818 0.402000
9 0.622629 0.305000 0.161247 0.162000
9 0.183604 0.209000 0.128726 0.162000
9 0.654472 0.163000 0.100271 0.110000
9 0.373306 0.091000 0.077236 0.122000
