1 0.519968 0.674353 0.137927 0.217060
1 0.372505 0.579891 0.108623 0.157859
1 0.307048 0.865957 0.096644 0.154045
1 0.674945 0.937547 0.069630 0.105493
1 0.267736 0.738638 0.086343 0.135225
1 0.268700 0.091930 0.064979 0.099996
1 0.814517 0.948569 0.061534 0.102117
1 0.166623 0.409747 0.081475 0.147151
1 0.023368 0.518104 0.046367 0.103195
1 0.198323 0.534064 0.090318 0.119533
1 0.033016 0.963768 0.065281 0.072465
1 0.341049 0.261667 0.046524 0.062698
1 0.597653 0.736621 0.091903 0.151331
1 0.372241 0.414206 0.060306 0.109712
1 0.079738 0.188094 0.030918 0.053972
1 0.330160 0.354747 0.071663 0.092466
1 0.238610 0.248410 0.068739 0.126998
1 0.349650 0.388740 0.110409 0.162744
1 0.115879 0.699609 0.073995 0.103092
1 0.093380 0.966258 0.059228 0.067485
1 0.562161 0.222669 0.046600 0.077510
1 0.609001 0.727672 0.069516 0.131984
1 0.100400 0.703337 0.041645 0.088184
1 0.045863 0.214475 0.043972 0.080282
9 0.793750 0.285000 0.087500 0.110000
9 0.885000 0.189000 0.145000 0.210000
9 0.512500 0.401000 0.317500 0.714000
9 0.176250 0.294000 0.352500 0.588000
9 0.674375 0.937000 0.068750 0.106000
9 0.286875 0.804000 0.138750 0.264000
9 0.107500 0.681000 0.092500 0.142000
9 0.547500 0.682000 0.190000 0.236000
9 0.360625 0.559000 0.093750 0.118000
9 0.354375 0.386000 0.113750 0.156000
9 0.199375 0.408000 0.153750 0.448000
