1 0.113495 0.320808 0.091216 0.052605
1 0.261337 0.877221 0.052083 0.042561
1 0.890064 0.777241 0.084991 0.066111
1 0.385821 0.620662 0.263540 0.159147
1 0.731707 0.666559 0.496492 0.209255
1 0.519428 0.854421 0.040283 0.035369
1 0.436582 0.798355 0.033073 0.030860
1 0.388687 0.823062 0.041131 0.031264
1 0.157030 0.993573 0.042496 0.012225
1 0.406803 0.967147 0.039518 0.034306
1 0.735058 0.328877 0.148246 0.086334
1 0.461221 0.895482 0.031447 0.026334
1 0.807423 0.210583 0.074728 0.053422
1 0.615244 0.679579 0.261854 0.187328
1 0.803456 0.216638 0.065052 0.042171
1 0.756215 0.331002 0.198057 0.094556
1 0.615773 0.660838 0.723141 0.222661
1 0.758584 0.279961 0.206101 0.197824
9 0.920000 0.476101 0.160000 0.172446
9 0.500000 0.347235 1.000000 0.694470
9 0.635000 0.674789 0.692500 0.262418
9 0.794375 0.324742 0.108750 0.077788
