6 0.501775 0.664756 0.867064 0.667054
1 0.183083 0.490083 0.062928 0.037158
1 0.114469 0.543300 0.064572 0.030132
1 0.539843 0.651595 0.111159 0.062728
1 0.019751 0.642076 0.039408 0.029269
1 0.355584 0.699891 0.146315 0.073152
1 0.262917 0.538378 0.072236 0.030114
1 0.052752 0.563082 0.049739 0.033434
1 0.596114 0.620806 0.106312 0.063239
1 0.650907 0.510494 0.036741 0.023370
1 0.464703 0.655652 0.073090 0.034805
1 0.660319 0.463825 0.039143 0.021205
1 0.675591 0.302271 0.031841 0.017943
1 0.009703 0.572986 0.019407 0.033829
1 0.571304 0.260888 0.034811 0.030801
1 0.015750 0.573069 0.031469 0.035928
1 0.838261 0.414356 0.038863 0.021804
1 0.887880 0.491368 0.054088 0.025677
1 0.705691 0.304440 0.034481 0.022995
1 0.715311 0.339800 0.033724 0.019354
1 0.619012 0.466674 0.033090 0.018369
1 0.925278 0.612691 0.030514 0.020508
1 0.917383 0.585859 0.035037 0.016297
1 0.465895 0.687886 0.105677 0.037597
1 0.714486 0.687234 0.096627 0.045122
1 0.579191 0.465917 0.038107 0.023525
1 0.492425 0.311777 0.032873 0.015120
1 0.672603 0.416707 0.029735 0.018120
1 0.974948 0.365555 0.042647 0.023493
1 0.690389 0.304213 0.062973 0.024119
1 0.707727 0.339521 0.045147 0.019974
1 0.654099 0.415770 0.033502 0.017682
9 0.166250 0.944063 0.155000 0.111874
9 0.107500 0.830130 0.215000 0.088538
9 0.283750 0.510981 0.102500 0.041867
9 0.622500 0.354839 0.132500 0.094715
9 0.031875 0.273164 0.063750 0.057653
9 0.651250 0.228895 0.127500 0.111874
9 0.823125 0.226150 0.203750 0.136582
9 0.466250 0.472546 0.325000 0.207962
