1 0.582666 0.667969 0.829641 0.636561
1 0.954495 0.465814 0.090168 0.223203
1 0.701376 0.368936 0.160028 0.226224
1 0.933652 0.253377 0.132138 0.258404
1 0.835622 0.424394 0.158147 0.230103
1 0.403163 0.274537 0.111168 0.162572
1 0.401092 0.129011 0.107441 0.153840
1 0.634530 0.286387 0.728604 0.567793
1 0.165251 0.367685 0.329503 0.341877
1 0.316930 0.247512 0.089555 0.158707
1 0.198068 0.149017 0.380784 0.298035
1 0.406567 0.180417 0.270550 0.354219
1 0.467828 0.678112 0.189588 0.342862
1 0.853733 0.238854 0.093808 0.183083
1 0.888205 0.079302 0.127956 0.158604
1 0.765207 0.223049 0.136341 0.218997
1 0.839448 0.650544 0.202930 0.243412
1 0.945815 0.694594 0.107520 0.242349
1 0.630327 0.769047 0.219493 0.348163
1 0.337265 0.606444 0.175994 0.285121
1 0.479466 0.306376 0.112468 0.164071
1 0.668132 0.566789 0.184537 0.205603
9 0.695607 0.714035 0.608787 0.571930
9 0.276151 0.598246 0.217573 0.312281
9 0.805439 0.291228 0.389121 0.582456
