1 0.140279 0.432374 0.278978 0.186134
1 0.313952 0.256142 0.258809 0.262000
1 0.131109 0.548753 0.261074 0.129737
1 0.566710 0.269164 0.249004 0.245209
1 0.422683 0.698378 0.238806 0.308255
1 0.789394 0.448292 0.244571 0.140482
1 0.164128 0.608912 0.324556 0.223292
1 0.643339 0.628258 0.374726 0.268987
1 0.108507 0.662636 0.207706 0.211132
1 0.718547 0.434476 0.342709 0.181121
9 0.831000 0.446027 0.162000 0.103448
9 0.444000 0.567466 0.888000 0.451274
9 0.568000 0.275112 0.244000 0.226387
9 0.304000 0.260120 0.240000 0.211394
