1 0.586226 0.891148 0.300132 0.204338
1 0.396985 0.729830 0.259936 0.135735
1 0.468650 0.201035 0.275252 0.240823
1 0.201048 0.707532 0.158160 0.140093
1 0.249800 0.419216 0.246802 0.205260
1 0.188907 0.383809 0.376984 0.300802
1 0.768599 0.801757 0.333286 0.196940
1 0.539322 0.204559 0.419167 0.249038
9 0.934000 0.657421 0.088000 0.127436
9 0.301000 0.590705 0.206000 0.101949
9 0.622000 0.535232 0.136000 0.164918
9 0.500000 0.796102 1.000000 0.407796
9 0.844000 0.503748 0.312000 0.305847
9 0.722000 0.056972 0.116000 0.113943
9 0.500000 0.287856 1.000000 0.575712
