1 0.304727 0.439080 0.258477 0.191853
1 0.092348 0.606027 0.184227 0.146989
1 0.839142 0.623308 0.072706 0.082371
1 0.591847 0.572528 0.352205 0.445594
1 0.605138 0.472300 0.323954 0.246635
1 0.568077 0.692579 0.301316 0.203673
1 0.099559 0.981025 0.143650 0.037332
9 0.363000 0.961019 0.150000 0.077961
9 0.741000 0.596702 0.130000 0.128936
9 0.275000 0.604198 0.550000 0.791604
9 0.500000 0.228636 1.000000 0.457271
9 0.322000 0.908546 0.160000 0.116942
9 0.094000 0.922789 0.152000 0.154423
9 0.102000 0.604198 0.204000 0.146927
9 0.898000 0.487256 0.160000 0.089955
9 0.296000 0.434783 0.280000 0.200900
9 0.667000 0.633433 0.502000 0.643178
