1 0.358215 0.740239 0.240064 0.274052
1 0.565817 0.415160 0.060442 0.054456
1 0.489210 0.243686 0.070391 0.060267
1 0.641719 0.412427 0.074779 0.057847
1 0.351540 0.640345 0.082082 0.063963
1 0.433412 0.198734 0.086569 0.059529
1 0.296999 0.494167 0.083642 0.071473
1 0.575179 0.629311 0.220238 0.115471
1 0.625056 0.856067 0.205274 0.238509
1 0.644924 0.619303 0.067769 0.058408
1 0.578036 0.525993 0.046209 0.057315
1 0.618107 0.505851 0.066123 0.064273
1 0.390488 0.465356 0.110632 0.064339
1 0.251483 0.281076 0.042682 0.035476
1 0.505701 0.372869 0.054387 0.027029
1 0.571846 0.610113 0.082237 0.061815
1 0.325449 0.382036 0.071563 0.075339
1 0.326777 0.719237 0.092190 0.073941
1 0.285315 0.654755 0.085875 0.075302
1 0.795731 0.492092 0.023840 0.015276
1 0.514993 0.453178 0.088564 0.060023
1 0.376136 0.254551 0.046271 0.039954
1 0.675167 0.283423 0.021729 0.019720
1 0.601793 0.517271 0.097076 0.075437
1 0.531698 0.392354 0.054029 0.041984
1 0.402785 0.738480 0.077654 0.071372
1 0.477822 0.394808 0.037964 0.037228
1 0.529530 0.452414 0.058868 0.058953
1 0.503226 0.608170 0.076901 0.068442
1 0.614882 0.931853 0.092337 0.084189
1 0.801408 0.024402 0.031771 0.022872
1 0.323534 0.802953 0.055291 0.068465
1 0.575523 0.528433 0.227020 0.316514
1 0.235878 0.229020 0.049181 0.037589
1 0.433855 0.706851 0.067537 0.057821
1 0.591835 0.079692 0.018040 0.018588
1 0.228966 0.287801 0.083175 0.067543
9 0.500000 0.500000 1.000000 1.000000
9 0.624375 0.892221 0.203750 0.157451
9 0.616250 0.796157 0.167500 0.119025
9 0.571250 0.626523 0.212500 0.115276
9 0.360000 0.704311 0.235000 0.342081
9 0.608750 0.509372 0.085000 0.077788
9 0.290625 0.493908 0.078750 0.080600
9 0.590000 0.425023 0.177500 0.109653
9 0.225000 0.282568 0.075000 0.074039
9 0.462500 0.230553 0.150000 0.123711
