1 0.667075 0.923254 0.139427 0.103498
1 0.177569 0.707667 0.129465 0.090588
1 0.781862 0.039399 0.127682 0.078412
1 0.384466 0.334575 0.116487 0.102804
1 0.225063 0.452444 0.136366 0.100755
1 0.388831 0.778560 0.131360 0.093632
1 0.853984 0.478922 0.108804 0.078307
1 0.316620 0.522193 0.137954 0.092223
1 0.721348 0.807097 0.117352 0.080601
1 0.410359 0.193370 0.131519 0.098264
1 0.723622 0.690623 0.121296 0.086546
1 0.770621 0.766486 0.122364 0.088798
1 0.668719 0.499100 0.131629 0.100708
1 0.652053 0.412091 0.080017 0.072450
1 0.498938 0.770529 0.096224 0.075942
1 0.941547 0.172239 0.110894 0.068619
1 0.539190 0.565800 0.120015 0.063741
1 0.545148 0.549066 0.132895 0.098012
1 0.516978 0.566127 0.075828 0.062800
1 0.962293 0.172408 0.070414 0.067813
9 0.500000 0.500000 1.000000 1.000000
