1 0.439711 0.656969 0.396271 0.277769
1 0.415307 0.185904 0.257940 0.183303
1 0.643404 0.076647 0.214132 0.147732
1 0.100330 0.345207 0.199172 0.200629
1 0.710437 0.383956 0.317049 0.220041
1 0.125509 0.091644 0.203341 0.134895
1 0.329106 0.041736 0.184869 0.083136
1 0.904954 0.181150 0.186192 0.155150
1 0.966840 0.050699 0.063722 0.100925
9 0.440000 0.658211 0.392000 0.275033
9 0.709000 0.384513 0.314000 0.213618
9 0.128000 0.345127 0.256000 0.198932
9 0.415000 0.187583 0.258000 0.182911
9 0.126000 0.092123 0.208000 0.138852
9 0.645000 0.074766 0.214000 0.149533
9 0.331000 0.044059 0.182000 0.088117
