1 0.495765 0.669329 0.751880 0.552267
6 0.518120 0.506533 0.727852 0.976865
1 0.777322 0.703264 0.443231 0.590613
1 0.103980 0.631469 0.207337 0.525644
1 0.277027 0.974587 0.162662 0.050086
1 0.056646 0.621083 0.070387 0.059433
1 0.884135 0.659285 0.230500 0.533649
1 0.930428 0.859032 0.137530 0.121945
1 0.925458 0.755284 0.079776 0.096443
1 0.970463 0.970657 0.058319 0.057789
1 0.755622 0.969483 0.154685 0.060477
1 0.071028 0.656433 0.076891 0.055177
6 0.508706 0.298100 0.691076 0.560614
1 0.879342 0.942814 0.174531 0.114307
1 0.023920 0.985147 0.047521 0.029018
9 0.131875 0.952500 0.128750 0.095000
9 0.672500 0.226250 0.177500 0.192500
9 0.165625 0.188125 0.151250 0.253750
9 0.500000 0.518750 1.000000 0.962500
9 0.392500 0.042500 0.122500 0.075000
9 0.046875 0.063750 0.093750 0.125000
