6 0.566378 0.064893 0.255492 0.129340
1 0.495972 0.798266 0.991016 0.402452
6 0.960520 0.060592 0.077701 0.120295
1 0.492682 0.438142 0.846984 0.354694
6 0.339092 0.052828 0.056268 0.104955
1 0.966159 0.399365 0.066895 0.102940
6 0.267773 0.064670 0.097914 0.128806
6 0.417918 0.065704 0.071978 0.127958
1 0.600599 0.389510 0.125938 0.074519
1 0.181242 0.460946 0.141553 0.104929
9 0.150000 0.246246 0.300000 0.393393
9 0.537000 0.117868 0.330000 0.235736
9 0.361000 0.960961 0.182000 0.078078
9 0.608000 0.867868 0.156000 0.123123
9 0.444000 0.860360 0.136000 0.117117
9 0.171000 0.792793 0.342000 0.354354
9 0.878000 0.676426 0.148000 0.187688
9 0.639000 0.783033 0.638000 0.433934
9 0.935000 0.360360 0.130000 0.168168
9 0.307000 0.319820 0.198000 0.108108
9 0.499000 0.429429 0.846000 0.330330
