1 0.444108 0.751271 0.886265 0.495647
1 0.255835 0.318776 0.511670 0.396708
1 0.837015 0.611210 0.325969 0.467204
1 0.630260 0.242317 0.551207 0.319494
1 0.217008 0.072883 0.434016 0.135179
1 0.649741 0.047816 0.482450 0.081265
1 0.860744 0.196285 0.278512 0.242124
1 0.331317 0.754909 0.217717 0.177119
1 0.261166 0.983094 0.189783 0.033252
1 0.132942 0.814054 0.233787 0.185826
1 0.142861 0.950121 0.227398 0.098694
9 0.436000 0.750399 0.872000 0.499203
9 0.806000 0.603668 0.268000 0.256778
9 0.859000 0.454545 0.270000 0.156300
9 0.258000 0.266348 0.516000 0.472089
9 0.688000 0.206539 0.624000 0.400319
