1 0.702205 0.508375 0.496442 0.523907
1 0.906985 0.299387 0.184882 0.509903
1 0.273294 0.870579 0.227676 0.189173
1 0.145870 0.278333 0.290868 0.386617
1 0.365262 0.653113 0.421454 0.429119
1 0.945563 0.031681 0.100468 0.062890
1 0.722822 0.408322 0.544026 0.734429
1 0.776078 0.978085 0.055392 0.043601
9 0.446000 0.901000 0.168000 0.102000
9 0.586000 0.841000 0.136000 0.158000
9 0.793000 0.812000 0.206000 0.184000
9 0.089000 0.799000 0.178000 0.182000
9 0.063000 0.539000 0.126000 0.198000
9 0.677000 0.174000 0.142000 0.116000
9 0.753000 0.050000 0.158000 0.100000
9 0.145000 0.261000 0.290000 0.394000
9 0.579000 0.479000 0.842000 0.958000
