1 0.587633 0.525797 0.496037 0.280100
1 0.885617 0.386191 0.113185 0.071357
1 0.808310 0.190510 0.072883 0.046990
1 0.168401 0.471199 0.158370 0.076002
1 0.874228 0.242702 0.067654 0.035841
1 0.325387 0.336969 0.185398 0.104317
1 0.396245 0.367139 0.132698 0.090419
1 0.952074 0.227377 0.094639 0.082305
1 0.381804 0.350764 0.298247 0.132255
1 0.423545 0.367304 0.190027 0.092746
9 0.099000 0.212036 0.106000 0.061867
9 0.277000 0.922385 0.122000 0.105737
9 0.171000 0.471316 0.170000 0.080990
9 0.551000 0.473566 0.638000 0.382452
