1 0.533390 0.588906 0.651186 0.815916
1 0.337478 0.375804 0.670883 0.661725
1 0.113406 0.264017 0.226812 0.340513
1 0.850456 0.669036 0.297923 0.644466
6 0.599769 0.070256 0.095240 0.137481
1 0.850712 0.769865 0.297401 0.449897
6 0.804864 0.067012 0.075328 0.132070
1 0.836680 0.275573 0.262410 0.297281
1 0.981500 0.481593 0.036373 0.074797
9 0.588000 0.564000 0.762667 0.872000
9 0.942000 0.098000 0.116000 0.168000
9 0.278000 0.932000 0.118667 0.136000
9 0.969333 0.923000 0.061333 0.126000
9 0.096667 0.831000 0.182667 0.338000
9 0.889333 0.632000 0.221333 0.592000
9 0.335333 0.352000 0.670667 0.704000
