1 0.921053 0.453761 0.157241 0.101250
1 0.670432 0.293423 0.116803 0.073214
1 0.746221 0.324762 0.069610 0.053454
1 0.959468 0.274340 0.079279 0.047003
1 0.285683 0.340634 0.055954 0.031083
1 0.709534 0.555469 0.158785 0.073986
1 0.063720 0.434458 0.070528 0.038408
1 0.314814 0.085089 0.159568 0.090691
1 0.285356 0.306204 0.072470 0.040846
1 0.834063 0.672525 0.086822 0.041293
1 0.614069 0.698496 0.056060 0.042355
1 0.612585 0.548701 0.062311 0.045176
1 0.216322 0.535940 0.070393 0.033615
1 0.775962 0.509724 0.134790 0.068930
1 0.668149 0.155787 0.104339 0.048492
1 0.547798 0.506539 0.106990 0.066001
1 0.886321 0.205528 0.095862 0.047683
1 0.849615 0.180186 0.103701 0.075846
1 0.141779 0.732219 0.064969 0.031919
1 0.931685 0.521009 0.136071 0.048073
1 0.175138 0.696134 0.087501 0.047153
1 0.736143 0.158949 0.087242 0.047170
1 0.312944 0.920496 0.125437 0.061685
1 0.143207 0.576789 0.094964 0.045782
1 0.372501 0.287812 0.086337 0.054069
1 0.317791 0.714585 0.067871 0.048129
1 0.902416 0.683247 0.063365 0.034862
1 0.387409 0.774980 0.047559 0.035622
1 0.460764 0.036538 0.047903 0.057309
1 0.131107 0.615218 0.073210 0.036732
9 0.311000 0.080990 0.162000 0.085489
9 0.500000 0.500000 1.000000 1.000000
