1 0.641040 0.120203 0.566822 0.177088
1 0.499915 0.567019 0.994736 0.856860
1 0.152954 0.197756 0.305908 0.179582
1 0.592186 0.534858 0.124696 0.097190
1 0.865982 0.528724 0.160279 0.118582
1 0.707616 0.894997 0.196390 0.154119
1 0.669803 0.739174 0.194493 0.144598
1 0.937180 0.670553 0.125533 0.112620
1 0.789241 0.692358 0.149210 0.113583
1 0.312955 0.047882 0.368997 0.095431
1 0.285485 0.473489 0.128731 0.087862
1 0.588045 0.660690 0.822118 0.672477
1 0.926672 0.780004 0.146268 0.118439
1 0.891886 0.947602 0.208378 0.104201
1 0.323761 0.695308 0.127217 0.098452
9 0.104000 0.882309 0.208000 0.235382
9 0.500000 0.514993 1.000000 0.970015
