1 0.427513 0.726394 0.501341 0.539571
1 0.814776 0.669568 0.082580 0.084758
1 0.527925 0.868908 0.085216 0.113484
1 0.830151 0.774657 0.086865 0.096300
1 0.446122 0.765308 0.089545 0.117300
1 0.828327 0.785059 0.338710 0.422491
1 0.259340 0.826486 0.102033 0.114212
1 0.279743 0.735087 0.092872 0.109306
1 0.615464 0.873193 0.090018 0.116555
1 0.722593 0.404126 0.259603 0.158432
9 0.529574 0.913000 0.071527 0.174000
9 0.620358 0.909000 0.096286 0.182000
9 0.448418 0.907000 0.071527 0.186000
9 0.339752 0.906000 0.093535 0.188000
9 0.535763 0.717000 0.064649 0.142000
9 0.372077 0.701000 0.072902 0.158000
9 0.281293 0.694000 0.070151 0.144000
9 0.486933 0.656000 0.143054 0.248000
9 0.271664 0.376000 0.149931 0.128000
9 0.964924 0.939000 0.070151 0.122000
9 0.719395 0.824000 0.129298 0.352000
9 0.793673 0.797000 0.222834 0.406000
