1 0.343895 0.241709 0.154900 0.092301
1 0.623675 0.058068 0.110559 0.094765
1 0.968005 0.325807 0.062973 0.125228
1 0.865565 0.294419 0.183413 0.142044
1 0.955522 0.616447 0.087990 0.161405
1 0.738517 0.278058 0.182664 0.134875
1 0.860473 0.575632 0.207996 0.161474
1 0.488894 0.830941 0.208477 0.164550
1 0.730537 0.547753 0.196382 0.164909
1 0.234273 0.758333 0.174511 0.136670
1 0.757738 0.926877 0.206413 0.146246
1 0.514831 0.054743 0.094817 0.101477
1 0.850851 0.086473 0.104648 0.132924
1 0.262722 0.204112 0.187864 0.141399
1 0.203477 0.433857 0.297703 0.152201
1 0.473096 0.262173 0.148861 0.090159
1 0.962422 0.088169 0.074302 0.148026
1 0.158209 0.200439 0.178443 0.121550
9 0.105333 0.700000 0.210667 0.176000
9 0.868000 0.301000 0.184000 0.150000
9 0.734667 0.276000 0.173333 0.136000
9 0.959333 0.081000 0.081333 0.162000
9 0.864667 0.078000 0.132000 0.156000
9 0.624667 0.049000 0.110667 0.098000
