6 0.302820 0.245542 0.391435 0.489768
1 0.712659 0.680804 0.248892 0.358421
1 0.780412 0.220894 0.213681 0.390671
1 0.275688 0.667723 0.215147 0.331337
6 0.798723 0.244255 0.395632 0.488358
1 0.280377 0.212385 0.210849 0.391334
6 0.299670 0.746146 0.396747 0.485220
6 0.782690 0.744511 0.427277 0.483050
6 0.906691 0.745165 0.184743 0.482771
9 0.277278 0.629000 0.205849 0.266000
9 0.690664 0.500000 0.384702 1.000000
9 0.191226 0.500000 0.382452 1.000000
9 0.203037 0.856000 0.093363 0.212000
9 0.302587 0.748000 0.101237 0.108000
9 0.634983 0.788000 0.115861 0.360000
9 0.176040 0.651000 0.122610 0.234000
9 0.847019 0.737000 0.305962 0.526000
9 0.364454 0.707000 0.267717 0.586000
9 0.739033 0.372000 0.231721 0.252000
9 0.255343 0.369000 0.204724 0.254000
9 0.194038 0.190000 0.138358 0.264000
9 0.696850 0.180000 0.145107 0.248000
9 0.863330 0.072000 0.093363 0.144000
9 0.358830 0.186000 0.128234 0.372000
