1 0.714458 0.207842 0.337007 0.411506
1 0.910945 0.319450 0.177159 0.486396
1 0.033814 0.598606 0.067107 0.411306
1 0.112322 0.174695 0.223708 0.343736
1 0.201362 0.359967 0.354690 0.440908
1 0.385699 0.141409 0.321474 0.278546
1 0.552720 0.888168 0.383059 0.207186
1 0.811569 0.693469 0.369078 0.531171
1 0.224762 0.744351 0.372284 0.488983
1 0.896366 0.913320 0.206668 0.169850
1 0.040042 0.886253 0.079424 0.221121
1 0.922868 0.068381 0.152959 0.132330
1 0.513777 0.520003 0.419284 0.538263
1 0.621585 0.354149 0.275708 0.227758
1 0.988645 0.655896 0.021843 0.319207
1 0.501111 0.494178 0.990605 0.971490
1 0.989091 0.561711 0.021137 0.128653
9 0.500000 0.500000 1.000000 1.000000
