1 0.407918 0.304719 0.184903 0.136930
1 0.446107 0.841884 0.176125 0.132064
1 0.617483 0.637469 0.207239 0.145126
1 0.163373 0.282762 0.181678 0.124432
1 0.712345 0.307735 0.176230 0.127897
1 0.387136 0.531297 0.173158 0.126486
1 0.262862 0.372618 0.157602 0.104625
1 0.092966 0.129952 0.153517 0.100381
1 0.733650 0.696702 0.158343 0.118780
1 0.041946 0.610685 0.083433 0.081288
1 0.093255 0.694124 0.107813 0.056858
1 0.192678 0.721118 0.117799 0.048750
1 0.221662 0.950537 0.062497 0.038550
1 0.298708 0.707171 0.056296 0.045382
1 0.113151 0.758256 0.078633 0.034337
1 0.218480 0.718920 0.062144 0.042506
9 0.928000 0.958021 0.144000 0.083958
9 0.675000 0.934783 0.298000 0.130435
9 0.321000 0.919790 0.394000 0.160420
9 0.446000 0.755622 0.252000 0.158921
9 0.126000 0.772864 0.252000 0.256372
9 0.815000 0.249625 0.182000 0.127436
9 0.489000 0.454273 0.906000 0.563718
9 0.117000 0.191154 0.234000 0.115442
9 0.346000 0.077961 0.392000 0.155922
9 0.069000 0.055472 0.138000 0.110945
9 0.445000 0.836582 0.174000 0.119940
9 0.661000 0.655172 0.298000 0.173913
9 0.385000 0.523238 0.170000 0.104948
9 0.725000 0.296102 0.146000 0.115442
9 0.342000 0.329085 0.312000 0.187406
9 0.165000 0.282609 0.178000 0.121439
9 0.091000 0.126687 0.154000 0.091454
