1 0.812164 0.513050 0.374373 0.290227
1 0.067250 0.514115 0.076429 0.111409
1 0.328395 0.889856 0.093331 0.132002
1 0.877599 0.904650 0.244281 0.140048
1 0.434150 0.850404 0.309299 0.222966
1 0.654146 0.892326 0.087550 0.119569
1 0.801271 0.907281 0.090597 0.123231
1 0.518208 0.893274 0.087187 0.118865
1 0.887164 0.903442 0.093606 0.131737
1 0.960334 0.914013 0.078642 0.117858
1 0.008412 0.453407 0.016641 0.040259
1 0.827353 0.564132 0.089299 0.134434
1 0.427922 0.892118 0.102319 0.115801
1 0.481405 0.847273 0.210495 0.212713
1 0.469591 0.804084 0.086071 0.118760
9 0.531390 0.500000 0.937220 1.000000
9 0.142003 0.086168 0.200299 0.172336
9 0.664425 0.894558 0.133034 0.142857
9 0.878176 0.895692 0.243647 0.190476
9 0.446936 0.862812 0.328849 0.269841
9 0.810164 0.519274 0.379671 0.290249
