1 0.312200 0.761539 0.328320 0.203722
1 0.310943 0.924660 0.301692 0.150314
1 0.151245 0.278525 0.298018 0.194171
1 0.042322 0.910180 0.084014 0.169772
1 0.301314 0.415596 0.278004 0.193715
1 0.605992 0.769161 0.147489 0.071487
1 0.596579 0.440843 0.397435 0.302106
1 0.659848 0.366383 0.266090 0.151645
1 0.930260 0.788501 0.139480 0.183137
1 0.045443 0.176613 0.090647 0.092518
1 0.259956 0.414587 0.194981 0.185864
9 0.133000 0.209333 0.122000 0.093333
9 0.500000 0.500000 1.000000 1.000000
9 0.304000 0.826667 0.316000 0.338667
9 0.253000 0.405333 0.178000 0.168000
9 0.587000 0.433333 0.406000 0.282667
9 0.218000 0.253333 0.132000 0.130667
