1 0.876560 0.552207 0.172599 0.075332
1 0.729082 0.282645 0.120621 0.059834
1 0.421548 0.541693 0.106145 0.051373
1 0.307491 0.232905 0.135310 0.061348
1 0.487540 0.275982 0.124135 0.051337
1 0.187120 0.649652 0.162099 0.083344
1 0.259427 0.367063 0.158423 0.074022
1 0.368894 0.328164 0.097239 0.048878
1 0.705220 0.649695 0.073176 0.036811
1 0.494184 0.637038 0.115358 0.045135
1 0.211810 0.459948 0.140710 0.058764
1 0.956248 0.288993 0.087504 0.041293
1 0.110727 0.918092 0.101400 0.081643
1 0.688818 0.186510 0.139761 0.052213
1 0.127261 0.346208 0.180043 0.090069
1 0.879256 0.601579 0.150413 0.049854
1 0.638739 0.652609 0.061883 0.031403
1 0.160620 0.570247 0.155433 0.074958
1 0.085570 0.417879 0.160488 0.077450
1 0.266428 0.275238 0.085886 0.023986
1 0.242558 0.495955 0.082631 0.040244
9 0.351875 0.959965 0.108750 0.060484
9 0.876250 0.928571 0.207500 0.142857
9 0.944375 0.841302 0.068750 0.036290
9 0.474375 0.827189 0.111250 0.069124
9 0.142500 0.868088 0.285000 0.177419
9 0.666250 0.871256 0.295000 0.257488
9 0.500000 0.510945 1.000000 0.657834
9 0.709375 0.156682 0.146250 0.063364
9 0.455000 0.905818 0.120000 0.076613
