1 0.191871 0.564707 0.379274 0.715070
1 0.062551 0.453573 0.124605 0.252461
1 0.950800 0.847352 0.097236 0.166235
6 0.475311 0.070073 0.342444 0.140147
1 0.906123 0.673975 0.111754 0.152746
1 0.660276 0.496039 0.668997 0.874244
1 0.064999 0.513304 0.090980 0.126037
1 0.590105 0.320706 0.436222 0.512935
1 0.800296 0.307478 0.289169 0.426282
1 0.084999 0.193258 0.066468 0.079489
1 0.885496 0.526060 0.120042 0.136486
1 0.187681 0.406243 0.095233 0.128278
1 0.022881 0.474299 0.045664 0.112867
1 0.077587 0.409978 0.091654 0.110209
1 0.137564 0.674493 0.089004 0.118566
1 0.227734 0.598402 0.095562 0.109315
1 0.092441 0.322216 0.105493 0.130732
1 0.029011 0.837433 0.057811 0.119237
9 0.459479 0.814000 0.227207 0.168000
9 0.685962 0.674000 0.095514 0.108000
9 0.442836 0.526000 0.136035 0.204000
9 0.204776 0.563000 0.409551 0.714000
9 0.798842 0.542000 0.402315 0.776000
9 0.084660 0.182000 0.154848 0.204000
