1 0.447586 0.279315 0.057905 0.041034
1 0.172304 0.173157 0.050529 0.039765
1 0.213894 0.115522 0.054059 0.037496
1 0.719005 0.191926 0.037402 0.031602
1 0.473760 0.161290 0.041434 0.035291
1 0.427355 0.130132 0.046722 0.033820
1 0.837318 0.355766 0.063107 0.048084
1 0.097587 0.337603 0.038138 0.028895
1 0.835395 0.506699 0.051201 0.037674
1 0.181767 0.485902 0.056365 0.039872
1 0.368477 0.219409 0.052679 0.039341
1 0.980371 0.327922 0.038571 0.035649
1 0.130446 0.501755 0.052790 0.033215
1 0.100142 0.809769 0.025540 0.017218
1 0.552076 0.114484 0.054277 0.035951
1 0.223296 0.151374 0.040903 0.032513
1 0.251174 0.374406 0.049141 0.038370
1 0.050626 0.293105 0.069820 0.054180
1 0.840414 0.393409 0.058405 0.042491
1 0.153961 0.330371 0.046610 0.031866
1 0.533897 0.152147 0.048570 0.035487
1 0.011874 0.430694 0.023330 0.028043
1 0.984961 0.632657 0.029942 0.032788
1 0.665138 0.288927 0.049017 0.039210
1 0.865130 0.367202 0.254752 0.151508
1 0.278172 0.271837 0.048703 0.032778
1 0.899945 0.507404 0.046087 0.044395
1 0.791272 0.455763 0.053025 0.036785
1 0.814068 0.549443 0.044670 0.028743
1 0.735297 0.326064 0.061767 0.050393
1 0.967068 0.540370 0.055883 0.038610
1 0.321408 0.205822 0.046736 0.039554
1 0.778808 0.492219 0.052268 0.042649
1 0.316999 0.440742 0.050927 0.041329
1 0.589936 0.348128 0.056821 0.043585
1 0.367729 0.304745 0.046874 0.039496
1 0.618967 0.381832 0.062479 0.046066
1 0.243053 0.254376 0.048798 0.039921
1 0.930421 0.526490 0.044380 0.037485
1 0.466831 0.407106 0.059243 0.047085
1 0.295740 0.238802 0.046024 0.040278
1 0.868656 0.541827 0.050798 0.038829
1 0.526132 0.368074 0.053515 0.043721
1 0.061296 0.286750 0.045351 0.041548
1 0.645903 0.326706 0.057452 0.045366
1 0.884118 0.316895 0.070395 0.044226
1 0.771077 0.397906 0.056151 0.044736
1 0.093997 0.736096 0.044308 0.020579
1 0.729007 0.253780 0.052964 0.030374
9 0.567500 0.555764 0.080000 0.065604
9 0.786875 0.743674 0.426250 0.512652
9 0.284375 0.516401 0.113750 0.063730
9 0.281250 0.727741 0.562500 0.544517
9 0.964375 0.472821 0.071250 0.105904
9 0.193750 0.375820 0.210000 0.163074
9 0.191875 0.231959 0.108750 0.081537
9 0.500000 0.216026 1.000000 0.432052
9 0.842500 0.526242 0.105000 0.079663
9 0.936250 0.522024 0.115000 0.074977
9 0.280000 0.379569 0.105000 0.050609
9 0.339375 0.447516 0.521250 0.205248
9 0.358125 0.321462 0.131250 0.074977
9 0.054375 0.291471 0.073750 0.054358
9 0.778125 0.383786 0.443750 0.289597
9 0.304375 0.221649 0.228750 0.169634
9 0.195625 0.143393 0.096250 0.095595
9 0.433750 0.110590 0.120000 0.078725
