6 0.756572 0.500303 0.485305 0.399082
1 0.471056 0.632089 0.756050 0.495018
1 0.671620 0.770237 0.347575 0.212267
1 0.276108 0.226949 0.285270 0.207017
1 0.510943 0.515691 0.383007 0.242676
1 0.089901 0.420210 0.179325 0.160616
9 0.392000 0.724667 0.580000 0.308000
9 0.744000 0.543333 0.160000 0.118667
9 0.056000 0.396667 0.112000 0.132000
9 0.263000 0.192000 0.258000 0.133333
9 0.886000 0.140000 0.228000 0.181333
9 0.713000 0.050000 0.126000 0.100000
9 0.566000 0.139333 0.372000 0.278667
9 0.707000 0.754667 0.230000 0.128000
9 0.500000 0.777333 1.000000 0.445333
9 0.184000 0.624667 0.176000 0.150667
9 0.131000 0.427333 0.086000 0.105333
9 0.748000 0.517333 0.504000 0.442667
9 0.862000 0.042667 0.172000 0.085333
9 0.320000 0.166667 0.640000 0.333333
