1 0.666995 0.271672 0.359387 0.240043
1 0.390577 0.652880 0.369117 0.243247
1 0.562584 0.820511 0.315456 0.214889
1 0.684378 0.505488 0.389686 0.247157
1 0.844785 0.699144 0.149388 0.113246
1 0.163755 0.490982 0.165844 0.067221
1 0.542233 0.539801 0.686664 0.781434
1 0.448112 0.362467 0.066404 0.043902
1 0.858111 0.680537 0.119447 0.074597
1 0.828584 0.335694 0.124862 0.133140
9 0.511000 0.036048 0.170000 0.072096
9 0.500000 0.500000 1.000000 1.000000
9 0.856000 0.678905 0.112000 0.070761
9 0.523000 0.538718 0.690000 0.770360
