1 0.505374 0.735878 0.986851 0.524896
6 0.070598 0.447708 0.140513 0.141656
1 0.889259 0.704607 0.221199 0.330347
6 0.010706 0.442368 0.021215 0.044452
1 0.091458 0.546300 0.182611 0.101336
1 0.750056 0.324086 0.065795 0.046701
1 0.418517 0.291848 0.061842 0.051860
1 0.778011 0.688447 0.103471 0.069795
1 0.759646 0.641200 0.103144 0.057865
1 0.222275 0.652551 0.083598 0.063944
9 0.624000 0.377811 0.248000 0.104948
9 0.837000 0.316342 0.326000 0.200900
9 0.607000 0.248126 0.146000 0.064468
9 0.267000 0.276612 0.534000 0.307346
9 0.500000 0.735382 1.000000 0.529235
