1 0.190229 0.254342 0.379452 0.300741
1 0.372026 0.773103 0.741599 0.452442
1 0.380199 0.166285 0.438582 0.217716
1 0.579596 0.616382 0.839712 0.611782
1 0.564362 0.118831 0.352563 0.196862
1 0.839044 0.329493 0.321912 0.271558
1 0.749610 0.049443 0.054539 0.041090
1 0.352871 0.363510 0.139944 0.099243
1 0.705031 0.101081 0.256133 0.138693
1 0.150276 0.822967 0.145803 0.120540
1 0.835275 0.881995 0.120982 0.096277
1 0.657508 0.079243 0.161236 0.094443
1 0.067359 0.784467 0.134718 0.113840
9 0.667000 0.694153 0.666000 0.500750
9 0.265000 0.460270 0.190000 0.110945
9 0.496000 0.082459 0.196000 0.110945
9 0.905000 0.064468 0.190000 0.128936
9 0.496000 0.826087 0.156000 0.098951
9 0.658000 0.337331 0.252000 0.158921
9 0.884000 0.318591 0.232000 0.313343
9 0.213000 0.238381 0.426000 0.452774
