1 0.047044 0.579390 0.093634 0.342952
1 0.105572 0.230159 0.210342 0.359063
1 0.581272 0.238631 0.210110 0.350618
1 0.222810 0.511298 0.261865 0.368299
1 0.943094 0.667007 0.112820 0.323221
1 0.733216 0.434257 0.227021 0.335515
1 0.469067 0.531219 0.206162 0.320456
1 0.376990 0.815733 0.240356 0.349010
1 0.391409 0.263125 0.220152 0.332964
1 0.950115 0.369112 0.098819 0.293099
1 0.502574 0.498379 0.990092 0.991468
1 0.063425 0.868914 0.126535 0.257435
1 0.644962 0.634681 0.234579 0.344665
1 0.151680 0.722527 0.230405 0.247275
1 0.190377 0.126314 0.194715 0.248950
1 0.385266 0.075811 0.251855 0.149296
1 0.831896 0.398248 0.161916 0.314759
1 0.030610 0.045336 0.060900 0.087653
1 0.556572 0.044604 0.106902 0.086006
1 0.213777 0.917992 0.243698 0.163224
1 0.866154 0.866846 0.237264 0.254766
9 0.500000 0.500000 1.000000 1.000000
