6 0.159122 0.183855 0.119023 0.163020
6 0.388871 0.142069 0.047777 0.055386
1 0.776592 0.760418 0.445089 0.474585
1 0.256691 0.775824 0.508435 0.443982
1 0.954155 0.792846 0.091548 0.185613
1 0.276018 0.805416 0.249255 0.168741
6 0.339403 0.175546 0.032326 0.069199
1 0.777948 0.788388 0.259640 0.159607
2 0.223678 0.201532 0.062195 0.107106
1 0.066856 0.933747 0.132458 0.131839
1 0.240976 0.939729 0.281767 0.119587
1 0.609265 0.437386 0.093045 0.080014
9 0.923000 0.269865 0.154000 0.119940
9 0.470000 0.220390 0.232000 0.152924
9 0.293000 0.089205 0.266000 0.100450
9 0.256000 0.776612 0.512000 0.446777
9 0.778000 0.762369 0.444000 0.475262
9 0.674000 0.236132 0.372000 0.187406
9 0.121000 0.200150 0.242000 0.142429
9 0.127000 0.087706 0.254000 0.175412
