1 0.788836 0.437569 0.210066 0.266449
1 0.408825 0.590332 0.220062 0.279862
1 0.179142 0.522670 0.224117 0.264061
1 0.205292 0.279444 0.208136 0.243700
1 0.314448 0.296751 0.433036 0.287025
1 0.417577 0.308592 0.221846 0.266588
9 0.676000 0.717000 0.212800 0.158000
9 0.284000 0.786000 0.568000 0.428000
9 0.310400 0.448000 0.150400 0.152000
9 0.883200 0.750000 0.233600 0.500000
9 0.408800 0.587000 0.216000 0.270000
9 0.789600 0.437000 0.206400 0.262000
9 0.419200 0.308000 0.220800 0.264000
9 0.187200 0.401000 0.240000 0.486000
