1 0.605185 0.427714 0.289555 0.329226
1 0.450264 0.640348 0.303898 0.454778
1 0.859574 0.146792 0.280110 0.291283
1 0.990448 0.274335 0.018456 0.194896
9 0.080667 0.529000 0.161333 0.142000
9 0.930000 0.489000 0.140000 0.194000
9 0.071333 0.355000 0.142667 0.218000
9 0.118000 0.173000 0.134667 0.150000
9 0.628000 0.722000 0.528000 0.556000
9 0.196000 0.588000 0.253333 0.500000
9 0.388667 0.354000 0.121333 0.124000
9 0.091333 0.258000 0.142667 0.120000
9 0.858667 0.180000 0.282667 0.360000
9 0.576667 0.074000 0.140000 0.148000
