1 0.848448 0.404743 0.302404 0.207011
1 0.561183 0.333797 0.315079 0.157406
1 0.928993 0.567833 0.140354 0.196729
1 0.400494 0.465049 0.797386 0.417323
1 0.319756 0.574504 0.400874 0.200043
1 0.617491 0.491869 0.367993 0.211438
1 0.082488 0.525020 0.164488 0.208958
1 0.262808 0.408363 0.335621 0.159387
4 0.786946 0.030055 0.271097 0.059410
9 0.870000 0.361080 0.260000 0.105737
9 0.467000 0.335771 0.122000 0.113611
9 0.285000 0.613048 0.242000 0.132733
9 0.083000 0.542182 0.166000 0.175478
9 0.571000 0.376828 0.294000 0.179978
9 0.369000 0.284589 0.154000 0.078740
9 0.724000 0.213723 0.152000 0.056243
