1 0.206914 0.752680 0.410109 0.491357
1 0.602884 0.768449 0.568915 0.461572
1 0.841105 0.742902 0.316354 0.508663
6 0.468421 0.381714 0.048234 0.054647
6 0.775754 0.389391 0.044093 0.036464
1 0.794879 0.652635 0.087563 0.060577
6 0.735423 0.386956 0.034909 0.032695
6 0.822202 0.391089 0.032170 0.036800
1 0.887232 0.669207 0.092305 0.064156
6 0.862733 0.389026 0.053772 0.042472
6 0.861706 0.385280 0.042419 0.030942
1 0.029286 0.848965 0.058244 0.108410
1 0.909780 0.809744 0.148380 0.094332
1 0.292504 0.754580 0.135173 0.087614
1 0.313047 0.652113 0.109741 0.067640
1 0.296962 0.696865 0.125541 0.070398
1 0.828778 0.569182 0.081471 0.047560
1 0.053325 0.772342 0.106342 0.096475
9 0.290625 0.152765 0.091250 0.041237
9 0.661875 0.859419 0.256250 0.136832
9 0.427500 0.854733 0.150000 0.127460
9 0.308125 0.754452 0.616250 0.491097
9 0.123125 0.406748 0.246250 0.104967
