1 0.352694 0.838978 0.093713 0.057445
1 0.644119 0.732551 0.107835 0.080976
1 0.462626 0.303005 0.078921 0.053125
1 0.503877 0.925823 0.200176 0.113823
1 0.441010 0.831280 0.092295 0.075831
1 0.651420 0.540410 0.075043 0.061109
1 0.317920 0.565508 0.089792 0.050411
1 0.511813 0.905314 0.096642 0.068764
1 0.431531 0.479115 0.059902 0.055560
1 0.562812 0.617249 0.087235 0.061209
1 0.311553 0.803632 0.068358 0.057098
1 0.938284 0.726956 0.076484 0.059480
1 0.601234 0.631664 0.167852 0.089919
1 0.684732 0.597071 0.046944 0.044901
9 0.255000 0.307333 0.142000 0.076000
9 0.513000 0.265333 0.110000 0.130667
9 0.790000 0.216000 0.232000 0.093333
9 0.500000 0.519333 1.000000 0.961333
9 0.624000 0.046667 0.252000 0.093333
