1 0.565389 0.381120 0.167979 0.097615
1 0.126769 0.352030 0.154922 0.142803
1 0.368279 0.410917 0.186877 0.108333
1 0.754982 0.350235 0.176946 0.092359
1 0.335247 0.174576 0.179411 0.077094
1 0.142039 0.193021 0.186046 0.086780
2 0.700688 0.088573 0.509409 0.104571
1 0.713994 0.338702 0.056813 0.044551
1 0.765787 0.357955 0.043368 0.032499
9 0.172000 0.556962 0.248000 0.110759
9 0.369000 0.415348 0.182000 0.099684
9 0.143000 0.191456 0.166000 0.079114
9 0.337000 0.174051 0.166000 0.069620
9 0.554000 0.375791 0.148000 0.106013
9 0.127000 0.340190 0.162000 0.167722
