1 0.362102 0.727602 0.419852 0.320142
1 0.122618 0.439435 0.244723 0.253937
1 0.096401 0.731878 0.192113 0.312685
1 0.401938 0.426975 0.318361 0.249325
1 0.142099 0.199426 0.283865 0.196399
1 0.787822 0.723834 0.423011 0.320775
1 0.920006 0.171667 0.159464 0.178869
1 0.943570 0.402012 0.112385 0.239898
1 0.414523 0.171273 0.276695 0.219494
1 0.743546 0.418363 0.335167 0.250511
1 0.710729 0.177574 0.288240 0.184103
1 0.975079 0.625286 0.048996 0.146951
9 0.505833 0.758794 0.138333 0.251256
9 0.095833 0.728643 0.191667 0.311558
9 0.122500 0.430905 0.245000 0.233668
9 0.370833 0.429648 0.241667 0.251256
9 0.415000 0.169598 0.270000 0.218593
