1 0.481247 0.373985 0.952787 0.523806
1 0.458343 0.638870 0.912391 0.718831
1 0.689608 0.185774 0.605774 0.272214
1 0.426811 0.765533 0.160826 0.159155
6 0.230218 0.044792 0.139728 0.089213
1 0.289573 0.687316 0.169410 0.149009
1 0.759474 0.945611 0.183377 0.108180
1 0.409544 0.912435 0.210835 0.174789
1 0.146058 0.933596 0.235562 0.132158
1 0.445077 0.536829 0.125750 0.119160
6 0.123262 0.017469 0.029147 0.034688
6 0.301914 0.034363 0.040512 0.068417
1 0.124028 0.750874 0.200219 0.184875
1 0.159918 0.611399 0.179103 0.140113
1 0.563192 0.732396 0.153542 0.148644
1 0.428864 0.645452 0.147325 0.119027
1 0.651306 0.498507 0.120692 0.086745
1 0.702420 0.685292 0.133854 0.131617
1 0.303346 0.577076 0.150968 0.114362
1 0.650254 0.583403 0.123506 0.113234
1 0.839479 0.035557 0.184765 0.070656
6 0.345645 0.039019 0.079624 0.077556
6 0.014424 0.009876 0.024640 0.019670
1 0.587917 0.929382 0.176803 0.140233
1 0.184820 0.501369 0.152705 0.118500
9 0.480000 0.390200 0.960000 0.675136
9 0.446000 0.641561 0.892000 0.716878
