6 0.501060 0.955843 0.995036 0.086919
9 0.301250 0.254721 0.085000 0.031634
9 0.401875 0.253541 0.083750 0.034939
9 0.845000 0.253541 0.092500 0.037771
9 0.736250 0.250708 0.087500 0.033050
9 0.510000 0.252361 0.107500 0.037299
9 0.190000 0.252833 0.100000 0.038244
9 0.500625 0.758971 0.181250 0.044854
9 0.122500 0.731350 0.175000 0.035883
9 0.720625 0.715770 0.318750 0.121813
9 0.355000 0.689566 0.302500 0.118508
9 0.088750 0.661709 0.172500 0.107177
9 0.578125 0.638810 0.158750 0.062323
9 0.235625 0.609301 0.158750 0.046742
9 0.785000 0.589707 0.302500 0.111426
9 0.441250 0.564212 0.290000 0.104816
9 0.635000 0.521955 0.110000 0.042965
9 0.130000 0.540132 0.255000 0.108593
9 0.310625 0.507318 0.123750 0.044854
9 0.846875 0.470963 0.266250 0.098678
9 0.512500 0.459868 0.287500 0.100094
9 0.695625 0.417375 0.076250 0.043437
9 0.181875 0.439093 0.253750 0.099150
9 0.376875 0.402738 0.096250 0.050047
9 0.865625 0.366856 0.263750 0.090652
9 0.545625 0.360718 0.256250 0.087819
9 0.433750 0.310434 0.082500 0.043909
9 0.243125 0.330500 0.268750 0.086874
9 0.884375 0.266053 0.226250 0.093957
9 0.613125 0.262040 0.251250 0.089707
9 0.316875 0.243390 0.248750 0.082625
