1 0.359837 0.789576 0.196930 0.373617
1 0.796820 0.339106 0.190324 0.240179
1 0.833610 0.462319 0.260092 0.181982
1 0.138853 0.463863 0.277707 0.135248
1 0.166536 0.343447 0.236002 0.232154
1 0.185983 0.390873 0.368174 0.556783
1 0.698068 0.253990 0.191726 0.278862
1 0.269958 0.254819 0.201600 0.282061
1 0.782520 0.387040 0.368989 0.538390
1 0.622532 0.727101 0.190110 0.240121
1 0.624043 0.795040 0.189978 0.379015
1 0.172926 0.592799 0.319597 0.143648
9 0.057517 0.453750 0.115034 0.095000
9 0.130410 0.318750 0.126424 0.160000
9 0.697608 0.240000 0.171982 0.220000
9 0.267654 0.230000 0.170843 0.210000
9 0.917995 0.946250 0.159453 0.107500
9 0.595103 0.580000 0.809795 0.840000
9 0.910023 0.080625 0.179954 0.161250
