2 0.425376 0.795568 0.089745 0.109867
2 0.900865 0.777984 0.110099 0.131078
2 0.245801 0.705180 0.075514 0.103579
2 0.664294 0.708064 0.079935 0.113872
2 0.582164 0.658369 0.070238 0.077678
2 0.344004 0.650435 0.065697 0.071894
2 0.726821 0.678092 0.074875 0.093227
2 0.219801 0.660069 0.062616 0.077468
2 0.491951 0.591488 0.054437 0.071696
2 0.543069 0.615893 0.065603 0.085620
2 0.599953 0.595335 0.054900 0.069225
2 0.455639 0.557859 0.044982 0.053859
2 0.531018 0.553794 0.044995 0.054784
2 0.212719 0.432952 0.023807 0.030947
2 0.402268 0.514047 0.038553 0.044575
2 0.493303 0.527082 0.041368 0.049503
2 0.434207 0.491852 0.035700 0.044389
2 0.357047 0.464992 0.030077 0.036095
2 0.466892 0.513369 0.033022 0.044426
2 0.423635 0.430726 0.024987 0.031556
2 0.152407 0.481507 0.034052 0.038030
2 0.389136 0.498432 0.034140 0.046717
2 0.406964 0.462050 0.035959 0.051011
2 0.374002 0.423347 0.023185 0.025386
9 0.036404 0.241379 0.072807 0.068966
9 0.246930 0.716180 0.097368 0.092838
9 0.591228 0.653846 0.817544 0.692308
