2 0.580103 0.550705 0.315923 0.143525
2 0.926801 0.472655 0.145475 0.085980
2 0.119509 0.615282 0.237079 0.223238
2 0.063182 0.661013 0.125735 0.238007
2 0.310161 0.539900 0.120716 0.133826
2 0.211116 0.559707 0.213026 0.164672
2 0.614392 0.485451 0.210412 0.086130
2 0.369195 0.529894 0.118090 0.108993
2 0.891100 0.461693 0.093101 0.062413
2 0.663592 0.453583 0.052985 0.037366
2 0.393193 0.493345 0.117021 0.076288
2 0.459676 0.484540 0.071422 0.055916
2 0.844297 0.459532 0.071072 0.053178
2 0.044673 0.486291 0.089347 0.043662
2 0.152151 0.473078 0.108195 0.038030
2 0.865732 0.461743 0.074724 0.059961
2 0.821578 0.458571 0.057977 0.049039
2 0.877326 0.463353 0.071310 0.063294
2 0.369514 0.508003 0.117356 0.080017
2 0.481186 0.454120 0.069927 0.032872
2 0.129346 0.436729 0.054837 0.031165
2 0.624676 0.462270 0.182371 0.049761
2 0.482596 0.448632 0.065144 0.026561
2 0.472390 0.460949 0.066945 0.026272
2 0.050196 0.449474 0.057441 0.040245
9 0.945277 0.349000 0.109445 0.106000
