2 0.587112 0.691686 0.187042 0.170880
2 0.786486 0.694438 0.239825 0.175645
2 0.921633 0.695651 0.155787 0.174183
2 0.383363 0.685508 0.192184 0.161804
2 0.178765 0.692151 0.259683 0.164284
2 0.052514 0.679215 0.104623 0.137817
2 0.708724 0.617191 0.136945 0.084553
2 0.424972 0.619266 0.135257 0.089415
2 0.557905 0.611997 0.126375 0.079829
2 0.961178 0.578874 0.076884 0.068231
2 0.866324 0.605085 0.147556 0.065527
2 0.270122 0.615931 0.135470 0.085355
2 0.563605 0.595009 0.117310 0.044311
2 0.803625 0.581748 0.080391 0.051991
