2 0.342208 0.331529 0.044555 0.064940
2 0.452618 0.196619 0.039042 0.054195
2 0.182675 0.622806 0.048687 0.069306
2 0.595612 0.700100 0.038882 0.057883
2 0.195879 0.651436 0.046912 0.063772
2 0.300230 0.518194 0.049435 0.069927
2 0.317789 0.967974 0.048195 0.060039
2 0.642850 0.636201 0.038943 0.063365
2 0.287468 0.236113 0.037070 0.059894
2 0.264172 0.854937 0.044371 0.058498
2 0.302496 0.939526 0.055187 0.081284
2 0.280442 0.882407 0.052053 0.071110
2 0.305349 0.214463 0.036675 0.058582
2 0.085943 0.888904 0.050321 0.079198
2 0.325422 0.978821 0.058250 0.041230
2 0.299434 0.923773 0.056826 0.093254
2 0.316321 0.540436 0.045655 0.054694
2 0.160958 0.554914 0.040850 0.059909
2 0.354646 0.652693 0.054950 0.092738
2 0.217474 0.718939 0.040487 0.062687
2 0.189328 0.646876 0.050683 0.072493
2 0.171166 0.591842 0.044582 0.068586
2 0.336699 0.609253 0.043794 0.066589
2 0.019470 0.290535 0.035008 0.061545
2 0.200994 0.682881 0.054598 0.064142
2 0.007494 0.364230 0.014707 0.067764
2 0.789122 0.503576 0.038339 0.055912
2 0.265699 0.424413 0.044285 0.062810
2 0.295081 0.911319 0.049542 0.072555
2 0.011088 0.651519 0.022041 0.077764
2 0.289520 0.486917 0.046111 0.066367
2 0.275326 0.872933 0.062678 0.090375
2 0.324441 0.577139 0.045893 0.063299
2 0.148479 0.525720 0.044327 0.064494
2 0.329864 0.594704 0.052563 0.095184
2 0.197665 0.661007 0.052970 0.082454
2 0.270432 0.263719 0.039660 0.061816
2 0.278869 0.457050 0.049197 0.066551
9 0.241282 0.941000 0.111361 0.118000
9 0.868391 0.900000 0.184477 0.200000
9 0.058493 0.874000 0.116985 0.252000
9 0.722160 0.815000 0.341957 0.370000
9 0.494938 0.482000 0.143982 0.260000
9 0.892013 0.355000 0.089989 0.238000
9 0.290776 0.163000 0.286839 0.326000
9 0.111924 0.146000 0.223847 0.292000
