2 0.777118 0.286632 0.116279 0.190244
2 0.554699 0.692327 0.184574 0.156579
2 0.295964 0.766896 0.185723 0.167899
2 0.166996 0.458920 0.177439 0.148666
2 0.228624 0.609225 0.201924 0.168086
2 0.894035 0.530349 0.127405 0.231375
2 0.076375 0.071241 0.152750 0.140601
2 0.309121 0.923451 0.172186 0.152255
2 0.093402 0.196404 0.170375 0.148743
2 0.735883 0.137593 0.133842 0.205790
2 0.128960 0.326030 0.152370 0.150005
2 0.840151 0.387706 0.111728 0.195009
2 0.428600 0.265700 0.161223 0.131242
2 0.375650 0.132802 0.176711 0.137773
2 0.592829 0.852248 0.190332 0.162324
2 0.938291 0.715192 0.085230 0.169250
2 0.445138 0.384807 0.172092 0.136088
2 0.965091 0.876628 0.069011 0.207583
2 0.685467 0.043251 0.092847 0.086502
2 0.667183 0.968151 0.184179 0.061282
6 0.621389 0.534594 0.030049 0.083537
2 0.486881 0.526419 0.162107 0.148391
2 0.340626 0.031077 0.138294 0.062153
9 0.083333 0.755000 0.166667 0.490000
9 0.891333 0.226000 0.217333 0.452000
9 0.338667 0.500000 0.410667 1.000000
9 0.311333 0.919000 0.180000 0.162000
9 0.474000 0.389000 0.116000 0.134000
