2 0.542131 0.350898 0.144183 0.044416
2 0.874591 0.339979 0.121269 0.040065
2 0.309758 0.349325 0.089985 0.032544
2 0.742634 0.337665 0.079116 0.035258
2 0.801489 0.341218 0.078552 0.035197
2 0.376770 0.346322 0.073543 0.026334
2 0.022989 0.353105 0.045681 0.031944
2 0.453229 0.341394 0.078259 0.028293
2 0.673540 0.337287 0.038339 0.024851
2 0.694528 0.337361 0.034838 0.026003
2 0.032209 0.352245 0.063858 0.031083
6 0.253273 0.342999 0.014659 0.031669
2 0.653077 0.337453 0.052776 0.023274
2 0.473973 0.344116 0.039095 0.028534
2 0.482295 0.344354 0.058466 0.030533
2 0.046448 0.352143 0.037933 0.027577
2 0.680528 0.337292 0.039670 0.025344
2 0.440990 0.341686 0.054948 0.027316
2 0.050977 0.353663 0.028838 0.024044
