2 0.321380 0.551851 0.148246 0.075658
2 0.154318 0.548005 0.076811 0.066129
2 0.501105 0.544632 0.062498 0.066091
2 0.773772 0.545955 0.086911 0.063992
2 0.244377 0.547680 0.078386 0.066748
2 0.654908 0.536118 0.060341 0.052339
2 0.851770 0.544788 0.079585 0.062126
2 0.402774 0.545294 0.049484 0.064382
2 0.710665 0.536646 0.049462 0.050157
2 0.056555 0.524359 0.070125 0.043546
2 0.569359 0.520394 0.068322 0.031380
2 0.916162 0.543752 0.077339 0.061388
8 0.986350 0.933750 0.026600 0.037362
2 0.012657 0.524137 0.025315 0.043645
2 0.974568 0.539288 0.050005 0.061422
8 0.898812 0.929112 0.091517 0.045157
2 0.201719 0.517218 0.042156 0.027888
2 0.112205 0.521879 0.042089 0.029186
2 0.181808 0.541802 0.041888 0.059879
2 0.190144 0.541915 0.040925 0.056865
2 0.194541 0.525991 0.035062 0.027103
2 0.186852 0.529746 0.051525 0.035324
