2 0.115861 0.875961 0.116639 0.248079
2 0.171045 0.659371 0.082717 0.213909
2 0.082079 0.358863 0.081116 0.125137
2 0.970310 0.807676 0.058852 0.220163
2 0.099834 0.664492 0.099500 0.227838
2 0.040253 0.672083 0.080268 0.222337
2 0.091574 0.485097 0.089289 0.154107
2 0.966647 0.603524 0.066625 0.190549
2 0.196194 0.177789 0.047464 0.102363
2 0.924423 0.615855 0.101264 0.206171
2 0.197871 0.875649 0.102282 0.248703
2 0.191587 0.353833 0.067100 0.127527
2 0.036723 0.501572 0.073076 0.166481
9 0.463080 0.877000 0.078059 0.246000
9 0.147679 0.195000 0.063291 0.138000
