2 0.277483 0.934314 0.206022 0.107033
2 0.614209 0.915001 0.195672 0.109387
2 0.351426 0.835581 0.152763 0.076065
2 0.639080 0.818280 0.153233 0.079865
2 0.849337 0.830956 0.135871 0.081019
2 0.936753 0.943616 0.126494 0.111956
2 0.035630 0.903383 0.071177 0.114048
2 0.141902 0.777447 0.134308 0.074772
2 0.459189 0.725492 0.099072 0.061155
2 0.778347 0.699122 0.087651 0.046312
2 0.634392 0.771860 0.121378 0.056952
2 0.352716 0.789212 0.135572 0.060560
2 0.672544 0.726950 0.105865 0.069636
2 0.221686 0.756860 0.098932 0.068256
2 0.871685 0.689595 0.079624 0.044703
2 0.343592 0.706894 0.074593 0.045527
2 0.270524 0.721290 0.103593 0.057271
2 0.481738 0.694613 0.090244 0.062213
2 0.631867 0.713649 0.084981 0.048060
9 0.821000 0.422000 0.358000 0.396000
9 0.243000 0.468667 0.486000 0.521333
9 0.512000 0.080000 0.124000 0.096000
