2 0.530524 0.462945 0.663029 0.857932
2 0.927037 0.158944 0.145927 0.274828
2 0.145116 0.131458 0.289078 0.262552
6 0.639909 0.023951 0.022130 0.047644
2 0.835091 0.014469 0.097332 0.028717
2 0.526771 0.038465 0.070367 0.076873
2 0.764995 0.018805 0.240308 0.037323
2 0.715282 0.018447 0.109969 0.036622
2 0.625900 0.019544 0.074753 0.039084
2 0.937145 0.009689 0.114289 0.019243
6 0.631668 0.022550 0.040139 0.045047
2 0.919452 0.010125 0.081377 0.020108
6 0.235758 0.030671 0.023438 0.061341
9 0.617868 0.284000 0.109610 0.100000
9 0.500000 0.500000 1.000000 1.000000
9 0.936937 0.145000 0.126126 0.138000
