2 0.718917 0.459431 0.179593 0.112804
2 0.224269 0.284399 0.155265 0.122408
2 0.084225 0.279529 0.149687 0.122378
2 0.096232 0.453649 0.179473 0.097491
2 0.917718 0.110152 0.136828 0.116828
2 0.221639 0.124645 0.143820 0.101376
2 0.788242 0.298772 0.116202 0.113022
2 0.368823 0.288813 0.147062 0.107745
2 0.779723 0.101257 0.143434 0.122782
2 0.664588 0.296457 0.135037 0.112018
2 0.922993 0.285517 0.136610 0.151910
2 0.502599 0.118775 0.134815 0.099512
2 0.234327 0.452111 0.202405 0.115727
0 0.898980 0.652670 0.193985 0.121833
2 0.519705 0.291407 0.158252 0.115668
2 0.643441 0.098559 0.141822 0.121446
2 0.073751 0.123057 0.141807 0.107593
2 0.366017 0.116965 0.146495 0.111212
9 0.153750 0.851875 0.207500 0.113750
9 0.402500 0.454375 0.120000 0.116250
9 0.103125 0.274375 0.191250 0.133750
9 0.510625 0.116250 0.138750 0.095000
9 0.387500 0.846250 0.205000 0.117500
9 0.718750 0.460000 0.180000 0.112500
9 0.661875 0.299375 0.136250 0.111250
9 0.921875 0.286875 0.133750 0.151250
9 0.366250 0.118750 0.137500 0.107500
9 0.916875 0.112500 0.141250 0.115000
