2 0.708189 0.412636 0.253474 0.248703
2 0.904736 0.340802 0.189176 0.198119
2 0.607193 0.364465 0.199698 0.198005
2 0.091705 0.652116 0.182571 0.277914
2 0.460816 0.294084 0.146188 0.130989
2 0.543719 0.330462 0.171327 0.157998
2 0.085989 0.405690 0.171267 0.104477
2 0.948207 0.217839 0.102614 0.112234
2 0.091912 0.483850 0.183288 0.125150
2 0.427992 0.272779 0.129811 0.105099
2 0.721747 0.260691 0.150800 0.072465
2 0.828183 0.211132 0.110152 0.099002
2 0.376548 0.258369 0.101592 0.092130
2 0.339305 0.242362 0.079218 0.079053
2 0.085201 0.342669 0.169437 0.077519
2 0.056835 0.385067 0.112686 0.065175
2 0.049717 0.467443 0.099284 0.090780
2 0.303918 0.226315 0.060035 0.066160
2 0.409572 0.269794 0.095386 0.099152
9 0.050619 0.672000 0.101237 0.184000
