2 0.438220 0.637430 0.249842 0.341702
2 0.228846 0.536665 0.271770 0.269079
2 0.170941 0.400168 0.199048 0.165061
2 0.776470 0.548740 0.182984 0.254124
2 0.588050 0.427825 0.128499 0.167927
2 0.458556 0.357852 0.127294 0.124181
2 0.104235 0.307565 0.138577 0.098088
2 0.656771 0.331061 0.089258 0.109756
2 0.352551 0.310413 0.124790 0.112505
2 0.551731 0.287406 0.088489 0.083289
2 0.693452 0.276361 0.067282 0.081141
2 0.196405 0.312467 0.148851 0.104371
2 0.456679 0.260034 0.086160 0.084242
2 0.215122 0.300805 0.111360 0.080097
2 0.720395 0.238628 0.048407 0.062302
2 0.094311 0.256647 0.098775 0.066411
2 0.609206 0.243793 0.060557 0.063103
9 0.102667 0.289000 0.138667 0.126000
