2 0.904117 0.390091 0.189226 0.261263
2 0.068356 0.427696 0.136711 0.221582
2 0.133470 0.339470 0.266270 0.208189
2 0.877231 0.321190 0.151781 0.092554
2 0.017717 0.467503 0.035178 0.221376
2 0.223862 0.307511 0.139831 0.087931
2 0.952305 0.443797 0.094420 0.169169
2 0.119037 0.373746 0.238075 0.280670
6 0.645319 0.264938 0.043732 0.075447
2 0.198180 0.304918 0.150962 0.095009
2 0.038214 0.439776 0.075048 0.207859
2 0.103943 0.416830 0.206523 0.206604
2 0.155367 0.296651 0.239041 0.122150
2 0.238301 0.300068 0.113926 0.069947
6 0.584749 0.291359 0.166695 0.134308
9 0.712277 0.276250 0.232427 0.170000
9 0.756795 0.096875 0.147142 0.193750
9 0.343018 0.100000 0.046860 0.122500
