2 0.531431 0.542596 0.097415 0.044612
2 0.122579 0.611658 0.244590 0.151200
2 0.134492 0.591892 0.268729 0.114150
2 0.083436 0.662447 0.166211 0.162724
2 0.214118 0.576445 0.326983 0.104988
2 0.433747 0.554437 0.177011 0.059324
2 0.328016 0.563488 0.229486 0.076659
2 0.365227 0.565527 0.152595 0.072851
2 0.460231 0.552265 0.128114 0.054587
2 0.482602 0.546131 0.082740 0.042860
2 0.263040 0.574088 0.225455 0.097378
2 0.120034 0.632030 0.237396 0.108566
2 0.165159 0.580686 0.305864 0.106000
2 0.393319 0.558271 0.172047 0.065476
2 0.083739 0.634385 0.166669 0.108962
2 0.277304 0.590945 0.201539 0.084662
2 0.410061 0.561797 0.138420 0.053562
2 0.076442 0.556927 0.152884 0.043552
