2 0.197026 0.899021 0.389237 0.143575
2 0.778482 0.543780 0.441957 0.186780
2 0.140460 0.917424 0.279515 0.164201
2 0.155768 0.164442 0.306366 0.121134
2 0.100085 0.190675 0.199108 0.157693
2 0.587051 0.515912 0.308829 0.104150
2 0.324604 0.876011 0.247695 0.080853
2 0.415215 0.493532 0.201838 0.065102
2 0.223387 0.146327 0.285882 0.100581
2 0.399903 0.864361 0.160254 0.065044
2 0.460661 0.503220 0.153377 0.066090
2 0.441031 0.126915 0.118252 0.053871
2 0.348501 0.485370 0.129465 0.043004
2 0.469914 0.857720 0.089248 0.048978
2 0.512428 0.851676 0.074045 0.037854
2 0.304619 0.133646 0.212681 0.087581
2 0.550537 0.111966 0.054468 0.025746
2 0.328514 0.486069 0.086206 0.042119
2 0.287603 0.481557 0.092268 0.035979
2 0.437135 0.855171 0.160829 0.052543
2 0.570667 0.109573 0.050412 0.025410
2 0.400420 0.134310 0.136604 0.064108
2 0.512252 0.115552 0.074465 0.035751
2 0.094371 0.859336 0.184727 0.060105
2 0.267438 0.477397 0.092304 0.033439
2 0.534466 0.116436 0.047618 0.029282
2 0.421038 0.128814 0.110469 0.057864
2 0.543101 0.113518 0.054144 0.027640
2 0.218207 0.470593 0.059575 0.024909
2 0.495182 0.118413 0.074957 0.038726
2 0.338780 0.130100 0.253408 0.079121
2 0.298465 0.483860 0.073613 0.037069
2 0.609111 0.104489 0.031102 0.017909
2 0.526600 0.846228 0.067242 0.028980
2 0.551060 0.842388 0.048541 0.031826
2 0.554170 0.848082 0.039065 0.024424
2 0.473265 0.122985 0.077708 0.047194
2 0.492961 0.850991 0.109107 0.040791
2 0.273188 0.480447 0.054500 0.032909
2 0.312809 0.485688 0.062171 0.038300
2 0.248170 0.474542 0.062608 0.026727
2 0.428295 0.516404 0.088396 0.049207
2 0.520347 0.119092 0.049589 0.032145
2 0.577246 0.110023 0.036857 0.023728
2 0.460132 0.123352 0.110156 0.049585
2 0.415861 0.859336 0.131711 0.059071
2 0.535328 0.842046 0.077705 0.034259
2 0.481081 0.118078 0.084645 0.039881
