2 0.909815 0.810958 0.179133 0.231108
2 0.514080 0.770226 0.100688 0.130399
2 0.640560 0.796298 0.197331 0.196736
2 0.789082 0.791995 0.136408 0.157950
2 0.316003 0.732530 0.054970 0.073275
2 0.234339 0.741022 0.057675 0.077665
2 0.060228 0.748919 0.092886 0.098211
2 0.450496 0.722281 0.054705 0.070393
2 0.391911 0.723234 0.055741 0.075717
2 0.138303 0.745828 0.078090 0.098498
2 0.176473 0.728005 0.037646 0.073633
2 0.358088 0.720123 0.020861 0.043666
2 0.271914 0.705916 0.028447 0.042082
2 0.012342 0.722990 0.024636 0.042982
2 0.851170 0.735523 0.068759 0.051222
2 0.506795 0.693701 0.057450 0.041738
2 0.704319 0.705404 0.094871 0.043258
2 0.893735 0.690701 0.058618 0.034014
2 0.360548 0.717104 0.025893 0.056306
2 0.546433 0.697423 0.028873 0.040505
2 0.303954 0.723286 0.040615 0.064967
2 0.837965 0.731419 0.105068 0.060194
2 0.865753 0.729039 0.079087 0.046016
2 0.787048 0.711163 0.083513 0.058030
2 0.861527 0.696987 0.076773 0.033066
2 0.933057 0.686871 0.060478 0.027281
