2 0.140175 0.755096 0.279060 0.466409
2 0.298414 0.631611 0.242172 0.352829
2 0.679902 0.747442 0.638950 0.487725
2 0.187570 0.696540 0.289282 0.402944
2 0.400699 0.592618 0.222124 0.345683
2 0.610364 0.432478 0.032529 0.124935
2 0.443286 0.506574 0.158766 0.197018
2 0.593203 0.426356 0.044544 0.115393
2 0.587776 0.395892 0.081680 0.119530
2 0.256120 0.420012 0.059166 0.073998
2 0.985561 0.483785 0.028275 0.184990
2 0.978977 0.352605 0.041530 0.072837
2 0.978770 0.457974 0.041294 0.153107
2 0.041480 0.448344 0.082582 0.155283
