6 0.088105 0.870080 0.175252 0.258823
6 0.411915 0.602763 0.086319 0.184250
5 0.197259 0.977756 0.176097 0.044328
7 0.811427 0.525139 0.035792 0.043349
7 0.801708 0.526339 0.053395 0.045089
7 0.789795 0.534218 0.030031 0.039623
6 0.142433 0.870896 0.283510 0.257835
9 0.763355 0.281875 0.240862 0.258750
9 0.531396 0.163125 0.202437 0.326250
9 0.291003 0.109375 0.164011 0.218750
9 0.029991 0.959375 0.059981 0.081250
9 0.102156 0.818125 0.095595 0.123750
9 0.407216 0.558125 0.072165 0.093750
9 0.672915 0.073750 0.127460 0.147500
