2 0.141403 0.784219 0.099564 0.126943
2 0.195165 0.664976 0.080437 0.092845
2 0.334598 0.675604 0.076807 0.094660
2 0.789010 0.723590 0.086990 0.097877
2 0.531262 0.400011 0.028978 0.035154
2 0.553562 0.457002 0.039749 0.048090
2 0.606624 0.436638 0.030873 0.043717
2 0.626592 0.460122 0.038716 0.050907
2 0.567775 0.381873 0.029644 0.036181
6 0.949211 0.691768 0.015359 0.072080
2 0.403216 0.330987 0.019743 0.026286
2 0.520901 0.350113 0.019769 0.024859
6 0.615503 0.403889 0.010873 0.023465
6 0.133658 0.585326 0.012065 0.049339
