2 0.587529 0.717677 0.387287 0.281012
2 0.734495 0.645997 0.243677 0.170666
2 0.296130 0.582989 0.092680 0.069801
2 0.814184 0.599954 0.189540 0.105282
2 0.393559 0.573579 0.080713 0.059885
2 0.448047 0.566108 0.073328 0.052958
2 0.498182 0.558446 0.072656 0.045485
2 0.607926 0.544318 0.062066 0.036639
2 0.541449 0.551459 0.065612 0.045474
2 0.861957 0.569732 0.164001 0.073364
2 0.575051 0.547930 0.063871 0.040800
2 0.331094 0.555933 0.040827 0.042136
2 0.251668 0.563801 0.049767 0.048747
2 0.225232 0.553964 0.031657 0.030946
2 0.649903 0.540943 0.037599 0.034486
2 0.822327 0.583427 0.171417 0.078160
2 0.675222 0.540013 0.039015 0.030703
2 0.706202 0.537857 0.037458 0.027511
2 0.153486 0.536788 0.015097 0.015923
2 0.920971 0.533931 0.041480 0.030157
2 0.731185 0.531576 0.041959 0.027458
2 0.618845 0.543046 0.048795 0.035554
2 0.230829 0.554694 0.037249 0.032719
2 0.883386 0.573140 0.122139 0.063278
2 0.241863 0.565406 0.030443 0.043113
2 0.839567 0.540960 0.093532 0.018921
2 0.837065 0.542654 0.103998 0.027016
2 0.203763 0.548319 0.020882 0.024159
9 0.897204 0.767544 0.205592 0.464912
9 0.147204 0.268640 0.294408 0.537281
