2 0.578277 0.336139 0.823560 0.201746
2 0.723627 0.740401 0.552747 0.223179
2 0.354953 0.722468 0.554485 0.181625
2 0.551568 0.728257 0.600846 0.197485
2 0.297019 0.313538 0.390192 0.107351
2 0.067809 0.662080 0.133579 0.046602
2 0.028497 0.854490 0.056500 0.143707
2 0.141479 0.717605 0.281725 0.166477
2 0.141964 0.313672 0.150498 0.063697
2 0.234609 0.315058 0.264907 0.104407
2 0.159928 0.306803 0.201130 0.062477
2 0.024656 0.289700 0.048209 0.035382
2 0.212084 0.718291 0.423426 0.169888
2 0.987426 0.796281 0.025148 0.108216
2 0.137355 0.303849 0.155394 0.045623
2 0.951456 0.268646 0.097089 0.043929
2 0.102655 0.302957 0.110155 0.034523
2 0.259779 0.676731 0.347789 0.085454
2 0.017064 0.301148 0.033258 0.015297
2 0.065702 0.655277 0.129140 0.036541
2 0.172882 0.294450 0.187631 0.048082
2 0.290903 0.663781 0.283896 0.061606
2 0.143104 0.687747 0.285440 0.105838
2 0.257605 0.700411 0.353425 0.133267
