2 0.391354 0.525406 0.153257 0.065007
2 0.811562 0.551307 0.272434 0.165759
2 0.062237 0.622524 0.123779 0.166600
2 0.109789 0.556831 0.219430 0.189738
2 0.882320 0.587852 0.235360 0.247854
2 0.469581 0.508098 0.088004 0.043766
2 0.645235 0.534558 0.110600 0.087139
2 0.978231 0.657721 0.042525 0.166699
2 0.632894 0.518849 0.128206 0.079096
2 0.228823 0.539882 0.103526 0.102367
2 0.561111 0.507212 0.062493 0.060238
2 0.673156 0.551771 0.055355 0.065458
2 0.265962 0.526314 0.105336 0.085197
2 0.604365 0.522766 0.073101 0.078607
2 0.566970 0.521368 0.052445 0.044913
2 0.578241 0.518533 0.079321 0.046861
2 0.214772 0.546630 0.075853 0.105551
2 0.525443 0.513723 0.030008 0.033370
2 0.171695 0.563803 0.103286 0.087398
0 0.052163 0.335003 0.101956 0.048111
9 0.039831 0.777500 0.079663 0.090000
9 0.861762 0.781875 0.192127 0.151250
9 0.135895 0.449375 0.089972 0.178750
9 0.843955 0.320625 0.081537 0.068750
9 0.936270 0.304375 0.086223 0.073750
9 0.415651 0.133750 0.074039 0.067500
9 0.938613 0.071875 0.060918 0.073750
9 0.856139 0.065000 0.066542 0.070000
9 0.320993 0.609375 0.060918 0.101250
