2 0.525694 0.430733 0.149151 0.077002
2 0.745509 0.423533 0.132584 0.069130
2 0.111490 0.440749 0.205399 0.119672
2 0.863317 0.408652 0.100162 0.062399
2 0.292994 0.417228 0.080454 0.049728
2 0.229132 0.426863 0.101584 0.063594
2 0.324961 0.402569 0.083969 0.051415
2 0.374433 0.395292 0.040538 0.033615
2 0.469342 0.415405 0.126370 0.082095
2 0.295135 0.408601 0.081669 0.056238
2 0.366198 0.394539 0.055937 0.035722
2 0.409935 0.389430 0.030437 0.024128
2 0.440858 0.427373 0.066892 0.056906
2 0.556322 0.384486 0.045018 0.016690
2 0.772412 0.399276 0.057466 0.021669
9 0.146000 0.317154 0.292000 0.118351
9 0.841000 0.235372 0.318000 0.303191
