2 0.206467 0.773930 0.343078 0.376794
2 0.349605 0.475801 0.205249 0.218424
2 0.406466 0.331596 0.118467 0.110784
2 0.532482 0.351240 0.115921 0.133243
2 0.680536 0.542395 0.233694 0.278839
2 0.635059 0.280153 0.091837 0.098358
2 0.506665 0.271542 0.082058 0.073573
2 0.782299 0.347583 0.126458 0.149757
2 0.552233 0.227051 0.061253 0.050529
2 0.714748 0.217428 0.036947 0.035362
2 0.593234 0.200706 0.040029 0.034985
2 0.639759 0.213751 0.038707 0.035632
2 0.793862 0.173681 0.030096 0.037895
2 0.737207 0.188410 0.031967 0.036129
2 0.773828 0.260643 0.054819 0.035706
2 0.764250 0.233606 0.035753 0.020829
2 0.626904 0.180294 0.026306 0.024774
2 0.784519 0.370831 0.122134 0.101947
2 0.668401 0.169691 0.022874 0.032587
2 0.651976 0.186018 0.027811 0.035055
9 0.086555 0.215247 0.173109 0.147982
