2 0.196205 0.849432 0.335189 0.287578
2 0.853809 0.637691 0.292383 0.194956
2 0.858153 0.470033 0.217544 0.129455
2 0.307964 0.611229 0.160499 0.192986
2 0.107005 0.613119 0.213581 0.201564
2 0.457754 0.571583 0.181312 0.217568
2 0.539349 0.427547 0.118270 0.140318
6 0.475993 0.768665 0.037079 0.156382
2 0.039900 0.772105 0.079470 0.194217
2 0.829068 0.366049 0.179914 0.086951
6 0.440734 0.750114 0.038792 0.147512
2 0.234834 0.474941 0.139057 0.099418
2 0.312198 0.442448 0.134872 0.107245
2 0.609151 0.329027 0.075758 0.088036
2 0.194908 0.547944 0.190159 0.147792
6 0.641785 0.564225 0.041124 0.127784
2 0.538134 0.317752 0.073174 0.080388
2 0.364679 0.385133 0.127906 0.110924
2 0.834116 0.316501 0.139597 0.052444
2 0.818994 0.201195 0.091310 0.048707
2 0.464021 0.299607 0.090974 0.069290
2 0.420369 0.347754 0.107632 0.073843
2 0.823551 0.281831 0.142189 0.056971
2 0.823421 0.269324 0.143549 0.080701
2 0.677575 0.203853 0.043190 0.051364
2 0.013865 0.939837 0.027464 0.074403
7 0.641090 0.615450 0.031116 0.110793
6 0.729700 0.204831 0.015313 0.053285
2 0.571736 0.273336 0.063064 0.062591
6 0.641735 0.541794 0.040129 0.077919
2 0.820877 0.238228 0.119655 0.049820
9 0.257825 0.449631 0.090610 0.147420
9 0.914333 0.328010 0.171334 0.493857
