2 0.776881 0.484075 0.444965 0.219354
2 0.087247 0.519268 0.173603 0.248768
2 0.317243 0.438107 0.213479 0.114412
2 0.514685 0.430927 0.192715 0.109066
2 0.411476 0.404569 0.103946 0.061212
2 0.911408 0.407148 0.176635 0.069662
2 0.100518 0.419232 0.134449 0.069879
2 0.948931 0.394069 0.102098 0.046291
2 0.227141 0.407432 0.070851 0.065987
2 0.617590 0.385395 0.102334 0.031904
2 0.022240 0.379741 0.044252 0.020897
2 0.243752 0.406499 0.103828 0.064523
2 0.114859 0.398251 0.099685 0.049603
2 0.203196 0.400057 0.059511 0.054968
2 0.967153 0.370082 0.059907 0.013740
2 0.198553 0.397395 0.041759 0.051846
2 0.101047 0.445336 0.151854 0.126164
2 0.946381 0.406929 0.107009 0.066486
9 0.158750 0.848641 0.317500 0.302718
9 0.455625 0.693533 0.121250 0.050609
9 0.159375 0.586692 0.078750 0.063730
9 0.050625 0.573571 0.101250 0.061856
9 0.632500 0.469541 0.095000 0.054358
