2 0.166424 0.643459 0.108023 0.059015
2 0.837395 0.639712 0.066847 0.059145
2 0.411967 0.641740 0.088166 0.055647
2 0.661892 0.636421 0.084547 0.047513
2 0.731519 0.637818 0.063094 0.053578
2 0.483619 0.640685 0.062181 0.052827
2 0.566417 0.645657 0.126393 0.062514
2 0.280583 0.642843 0.066024 0.048745
2 0.780955 0.640478 0.059104 0.054628
2 0.346193 0.640792 0.079086 0.055462
2 0.943319 0.632456 0.074190 0.043622
2 0.538638 0.645725 0.069214 0.060551
2 0.990269 0.640132 0.018761 0.029424
2 0.523538 0.636031 0.048980 0.042747
2 0.326333 0.640918 0.040914 0.053311
