2 0.420972 0.621782 0.393513 0.220180
2 0.222468 0.819568 0.442099 0.231035
2 0.841943 0.310520 0.106475 0.128722
2 0.292627 0.373703 0.257027 0.123630
2 0.532756 0.489534 0.278706 0.183829
2 0.958407 0.303908 0.082254 0.153109
2 0.083342 0.301866 0.123386 0.146157
2 0.580201 0.426783 0.255387 0.142748
2 0.671938 0.358711 0.218669 0.129585
2 0.507125 0.520972 0.301946 0.150930
2 0.624923 0.408947 0.232228 0.159699
2 0.512100 0.306953 0.104223 0.127730
2 0.689613 0.278577 0.098469 0.070102
2 0.721279 0.346853 0.174157 0.130142
2 0.392048 0.286743 0.100346 0.090110
2 0.388088 0.345421 0.122417 0.091903
2 0.416786 0.532408 0.397791 0.140634
2 0.545014 0.438040 0.264464 0.118449
2 0.335560 0.545400 0.240218 0.143866
2 0.643530 0.368627 0.210901 0.110624
2 0.512263 0.554667 0.304788 0.220898
2 0.518450 0.475954 0.303399 0.135027
9 0.154945 0.708772 0.309890 0.582456
