2 0.660741 0.528280 0.088620 0.066446
2 0.072262 0.516686 0.060177 0.063003
2 0.865035 0.524835 0.072017 0.043277
2 0.014827 0.511051 0.029653 0.055564
2 0.936303 0.519867 0.077800 0.075252
2 0.760179 0.520871 0.047344 0.040373
2 0.818108 0.522258 0.053197 0.042662
2 0.285063 0.515890 0.060002 0.031157
2 0.710611 0.519919 0.046647 0.036403
2 0.977208 0.523920 0.044565 0.080329
2 0.464403 0.522622 0.037255 0.025601
2 0.579116 0.524323 0.062902 0.036722
2 0.338576 0.516306 0.027452 0.019011
2 0.610860 0.520889 0.046644 0.047860
2 0.038727 0.504145 0.023586 0.032469
2 0.396493 0.516739 0.040644 0.027437
2 0.510730 0.523605 0.040317 0.026722
2 0.603529 0.526434 0.031653 0.033745
2 0.544082 0.523738 0.035275 0.030332
2 0.503802 0.523249 0.039305 0.026537
2 0.113211 0.508937 0.030666 0.029055
2 0.428795 0.519562 0.033088 0.023873
2 0.564080 0.525778 0.037829 0.033648
2 0.365352 0.517944 0.020346 0.019175
2 0.533245 0.522237 0.044296 0.028552
9 0.337333 0.916000 0.093333 0.168000
