2 0.769933 0.726207 0.142648 0.162910
2 0.237812 0.584423 0.116820 0.135506
2 0.818868 0.437934 0.083603 0.096838
2 0.971408 0.780734 0.056289 0.196955
2 0.418866 0.555374 0.118269 0.156866
2 0.319874 0.830079 0.171791 0.303926
2 0.333203 0.431364 0.083995 0.105429
2 0.928714 0.353968 0.073442 0.079957
2 0.232460 0.375393 0.082440 0.105536
2 0.824034 0.363369 0.075363 0.089134
2 0.453632 0.462842 0.092774 0.123507
2 0.691965 0.341047 0.062364 0.077071
2 0.113604 0.777305 0.182757 0.271926
2 0.512858 0.272832 0.051753 0.069375
2 0.905134 0.331016 0.065475 0.078872
2 0.396360 0.340669 0.050704 0.078569
2 0.783769 0.321062 0.065677 0.078843
2 0.471069 0.393201 0.079239 0.094888
2 0.936475 0.249459 0.044178 0.062358
2 0.356633 0.367368 0.076718 0.105159
2 0.406521 0.298100 0.059651 0.067770
2 0.691764 0.292784 0.063627 0.069718
2 0.299810 0.318752 0.065408 0.074113
2 0.376013 0.210715 0.043522 0.058955
2 0.428747 0.269499 0.049627 0.066733
2 0.244153 0.178412 0.042198 0.044732
2 0.679737 0.259543 0.052132 0.069786
2 0.407945 0.197144 0.036745 0.051798
7 0.132021 0.212103 0.034511 0.051991
