2 0.842734 0.613662 0.190813 0.223208
2 0.204682 0.551318 0.152626 0.180044
2 0.507434 0.662130 0.254446 0.295739
2 0.714330 0.493407 0.100894 0.110957
2 0.084538 0.409694 0.081745 0.081401
2 0.346929 0.433756 0.070080 0.105539
2 0.291823 0.446449 0.089218 0.076730
2 0.975441 0.398083 0.047786 0.059213
2 0.679110 0.447350 0.089681 0.126078
2 0.201304 0.389272 0.063702 0.082783
2 0.497918 0.443769 0.081226 0.120678
2 0.623849 0.407729 0.047177 0.054016
2 0.133752 0.385859 0.067768 0.061113
2 0.255950 0.353665 0.059557 0.042058
2 0.968866 0.403036 0.058160 0.054471
2 0.410401 0.395399 0.057604 0.060403
9 0.117333 0.209000 0.098667 0.222000
