2 0.256257 0.554034 0.083945 0.102688
2 0.320153 0.497115 0.072858 0.074549
2 0.683985 0.538980 0.106960 0.106945
2 0.096815 0.520434 0.067995 0.090197
2 0.478770 0.407425 0.055834 0.054157
2 0.020913 0.402119 0.041017 0.052869
2 0.319547 0.345642 0.039680 0.039169
2 0.006767 0.301971 0.013506 0.027259
2 0.224767 0.302804 0.042281 0.045862
2 0.176738 0.277813 0.020831 0.020331
9 0.208000 0.763000 0.341333 0.474000
9 0.104000 0.461000 0.176000 0.198000
9 0.912000 0.138000 0.176000 0.276000
9 0.708000 0.114000 0.186667 0.228000
