2 0.227805 0.086131 0.452397 0.172261
2 0.490321 0.826508 0.818980 0.310564
2 0.503028 0.497358 0.709614 0.256245
2 0.522190 0.162522 0.658937 0.280500
2 0.085048 0.732024 0.169375 0.110163
2 0.924890 0.751203 0.149554 0.137983
2 0.709627 0.397113 0.401807 0.125389
2 0.471233 0.023128 0.089291 0.045765
2 0.083412 0.021383 0.166562 0.042627
2 0.011189 0.210012 0.022166 0.088711
2 0.398135 0.011783 0.143391 0.023564
2 0.576863 0.022924 0.302796 0.045703
9 0.105000 0.462043 0.155000 0.108716
9 0.788125 0.395033 0.236250 0.115276
9 0.083125 0.380037 0.071250 0.085286
