2 0.290811 0.546163 0.090552 0.080762
2 0.886426 0.860457 0.225995 0.278040
2 0.767546 0.663083 0.142695 0.138552
2 0.616622 0.614624 0.085495 0.124793
2 0.614844 0.456522 0.048096 0.044345
2 0.588263 0.420274 0.033046 0.029502
2 0.467476 0.354682 0.019296 0.016279
6 0.199426 0.457106 0.014657 0.036715
2 0.572987 0.399776 0.022728 0.023915
2 0.566594 0.381556 0.020488 0.011560
9 0.889000 0.862000 0.222000 0.276000
9 0.074000 0.752000 0.148000 0.220000
9 0.882000 0.662000 0.116000 0.120000
9 0.172000 0.285000 0.344000 0.510000
9 0.817000 0.213000 0.366000 0.426000
