2 0.068458 0.618689 0.136281 0.259674
2 0.560782 0.852563 0.292431 0.281249
2 0.298885 0.477559 0.216744 0.273262
2 0.217906 0.382747 0.168598 0.194430
2 0.366658 0.576266 0.219123 0.227685
2 0.514113 0.739096 0.256453 0.251492
2 0.717497 0.909188 0.333644 0.176560
2 0.446398 0.666069 0.217101 0.245277
2 0.928489 0.875765 0.140709 0.240245
2 0.736342 0.570478 0.268278 0.305178
2 0.857706 0.778651 0.270079 0.222293
2 0.812864 0.673170 0.269298 0.263997
2 0.924504 0.511229 0.141508 0.170244
2 0.503342 0.393531 0.174787 0.202022
2 0.611796 0.517394 0.144496 0.209663
2 0.586832 0.452751 0.196535 0.195860
2 0.967361 0.614652 0.062720 0.213993
2 0.889097 0.408873 0.183986 0.143055
2 0.179473 0.332934 0.161148 0.173283
2 0.439466 0.332421 0.162552 0.150344
2 0.107975 0.046836 0.214713 0.093672
2 0.165570 0.265442 0.168597 0.170452
2 0.617165 0.285904 0.097805 0.142259
2 0.395573 0.283152 0.159917 0.129907
2 0.598704 0.244950 0.136994 0.116948
2 0.066009 0.147964 0.126492 0.132854
2 0.132085 0.219344 0.130688 0.197284
2 0.534254 0.198883 0.131397 0.142382
2 0.546103 0.443303 0.119848 0.177596
2 0.372732 0.245706 0.154845 0.167074
9 0.064212 0.650625 0.128423 0.133750
9 0.750236 0.318750 0.091596 0.157500
9 0.652030 0.274375 0.170916 0.163750
9 0.516525 0.221250 0.092540 0.065000
9 0.290840 0.207500 0.094429 0.135000
9 0.132200 0.182500 0.117092 0.120000
9 0.910765 0.230625 0.174693 0.221250
9 0.267705 0.105000 0.097262 0.090000
9 0.692635 0.121250 0.080264 0.147500
9 0.352219 0.059375 0.098206 0.066250
9 0.483947 0.086250 0.199245 0.172500
