3 0.661483 0.356961 0.621176 0.547333
9 0.491250 0.635724 0.150000 0.078762
9 0.824375 0.537975 0.161250 0.111111
9 0.115000 0.505274 0.230000 0.096343
9 0.234375 0.370956 0.096250 0.052743
9 0.726250 0.939170 0.107500 0.056962
9 0.850000 0.917370 0.100000 0.056962
9 0.514375 0.794655 0.106250 0.050633
9 0.118750 0.747187 0.120000 0.090717
9 0.837500 0.450422 0.137500 0.079466
9 0.803125 0.322082 0.131250 0.075949
9 0.504375 0.210970 0.168750 0.084388
9 0.620625 0.252461 0.278750 0.175809
9 0.661250 0.094937 0.120000 0.067511
