3 0.737374 0.476544 0.416926 0.723578
3 0.309775 0.527344 0.498795 0.705335
2 0.861997 0.876007 0.193322 0.075264
2 0.655421 0.909117 0.231174 0.096160
2 0.165787 0.914270 0.205114 0.097897
2 0.978695 0.805164 0.041838 0.044370
2 0.040631 0.905705 0.080962 0.083834
2 0.505357 0.805763 0.310542 0.208919
6 0.531241 0.765411 0.033258 0.042209
9 0.050000 0.672500 0.100000 0.155000
9 0.477500 0.464375 0.065000 0.098750
9 0.867500 0.220625 0.137500 0.118750
9 0.482500 0.546875 0.965000 0.796250
9 0.243125 0.096875 0.296250 0.193750
9 0.167500 0.040000 0.140000 0.080000
