3 0.275757 0.217101 0.430917 0.165864
6 0.948658 0.424198 0.102684 0.131407
3 0.433559 0.693451 0.114302 0.140205
6 0.320460 0.915062 0.334905 0.168516
5 0.919756 0.688268 0.160487 0.139842
5 0.785950 0.183139 0.428101 0.192876
3 0.919755 0.688130 0.160489 0.138486
3 0.784716 0.183132 0.430567 0.193163
6 0.322268 0.814364 0.337262 0.371272
8 0.370066 0.132885 0.096946 0.265341
9 0.306875 0.815510 0.096250 0.043201
9 0.689375 0.813031 0.098750 0.046742
9 0.201875 0.807365 0.403750 0.385269
9 0.755000 0.804178 0.490000 0.391643
9 0.959375 0.520538 0.066250 0.038244
9 0.310000 0.443343 0.090000 0.032578
9 0.668125 0.361190 0.086250 0.048159
9 0.171250 0.263456 0.080000 0.050992
9 0.716250 0.332153 0.412500 0.284703
9 0.258750 0.863669 0.197500 0.063031
9 0.070000 0.589589 0.140000 0.040368
9 0.365625 0.402266 0.163750 0.048159
9 0.942500 0.410765 0.115000 0.116147
9 0.592500 0.162535 0.162500 0.053116
