3 0.487515 0.545722 0.973674 0.569798
9 0.706250 0.705084 0.587500 0.318245
9 0.720000 0.538997 0.145000 0.094708
9 0.192500 0.578691 0.385000 0.181058
9 0.943125 0.512187 0.113750 0.084262
9 0.361250 0.462744 0.117500 0.055014
9 0.173750 0.476323 0.347500 0.167131
9 0.245000 0.418524 0.130000 0.093315
9 0.512500 0.436978 0.210000 0.184540
9 0.481875 0.328691 0.283750 0.100279
9 0.123750 0.326602 0.210000 0.112813
9 0.243750 0.299443 0.087500 0.080780
9 0.873750 0.256267 0.092500 0.066852
9 0.183750 0.211699 0.087500 0.089136
