3 0.472928 0.484176 0.896731 0.606297
9 0.352500 0.938776 0.195000 0.122449
9 0.450000 0.832864 0.110000 0.082336
9 0.624375 0.761787 0.141250 0.075299
9 0.195000 0.717452 0.267500 0.204785
9 0.041250 0.550317 0.082500 0.038001
9 0.838750 0.265658 0.075000 0.045742
9 0.620000 0.966925 0.067500 0.066151
9 0.653125 0.898663 0.086250 0.061928
9 0.088125 0.818438 0.116250 0.081633
9 0.498750 0.755806 0.090000 0.057706
9 0.551250 0.693526 0.127500 0.075299
9 0.271875 0.570373 0.081250 0.042928
9 0.885000 0.165025 0.105000 0.047150
