4 0.340550 0.268818 0.155934 0.247523
4 0.495553 0.120837 0.133913 0.240039
4 0.092256 0.359026 0.144680 0.266192
4 0.698347 0.461663 0.146308 0.276608
6 0.182884 0.770009 0.363799 0.441208
4 0.073016 0.566350 0.110842 0.207036
4 0.700995 0.253220 0.141977 0.182827
4 0.865012 0.522102 0.150061 0.281378
6 0.020172 0.219042 0.039989 0.365365
6 0.016155 0.167560 0.031861 0.266242
9 0.878000 0.880000 0.073333 0.104000
9 0.404000 0.610000 0.104000 0.120000
9 0.347333 0.887000 0.150667 0.226000
9 0.113333 0.828000 0.226667 0.344000
9 0.509333 0.357000 0.152000 0.198000
9 0.488000 0.213000 0.125333 0.118000
