4 0.657521 0.708486 0.145244 0.135385
4 0.839158 0.530072 0.153702 0.116506
4 0.437110 0.871091 0.223592 0.143771
4 0.618140 0.251678 0.153339 0.115065
4 0.166407 0.243666 0.141908 0.109253
4 0.868586 0.301190 0.143152 0.108333
4 0.379281 0.568300 0.153336 0.117656
4 0.380296 0.298879 0.146566 0.144790
4 0.129385 0.560518 0.123269 0.144807
4 0.182143 0.816904 0.146911 0.194771
4 0.595437 0.456922 0.132316 0.134764
4 0.810370 0.872862 0.129861 0.146855
4 0.810394 0.846771 0.128314 0.094569
9 0.607708 0.270000 0.171937 0.108000
9 0.166008 0.251000 0.134387 0.118000
