4 0.144762 0.250190 0.270692 0.148235
4 0.503890 0.631357 0.784968 0.549370
6 0.504138 0.109321 0.588466 0.217938
6 0.122417 0.103478 0.242050 0.206489
4 0.334584 0.277768 0.095572 0.118363
4 0.881727 0.146748 0.090066 0.055897
6 0.818828 0.075191 0.176944 0.149787
6 0.864206 0.075302 0.266946 0.150053
9 0.303125 0.924242 0.106250 0.055673
9 0.503750 0.854827 0.332500 0.101480
9 0.268125 0.677590 0.131250 0.052854
9 0.940625 0.428118 0.118750 0.045807
9 0.701250 0.337209 0.185000 0.055673
9 0.490000 0.301268 0.130000 0.045807
