4 0.322221 0.229647 0.354799 0.428872
4 0.389065 0.734924 0.222485 0.365891
4 0.842183 0.220294 0.315634 0.379320
6 0.136205 0.079850 0.176632 0.139139
6 0.581441 0.084832 0.163442 0.149013
6 0.245165 0.738648 0.490331 0.375642
4 0.902273 0.667038 0.195454 0.289632
6 0.208591 0.199438 0.416252 0.362153
6 0.750438 0.805201 0.499125 0.192310
6 0.735478 0.298180 0.469089 0.225454
6 0.238898 0.812360 0.476606 0.224184
6 0.739834 0.210357 0.477162 0.401795
6 0.823681 0.812323 0.352607 0.178038
9 0.214000 0.304837 0.428000 0.159730
9 0.699000 0.311024 0.590000 0.205849
