4 0.578091 0.395471 0.107906 0.122733
4 0.429570 0.442967 0.113960 0.129316
4 0.645883 0.372665 0.102472 0.119789
4 0.504973 0.418174 0.105890 0.125700
4 0.337344 0.409135 0.110041 0.155908
4 0.241826 0.377749 0.101584 0.172526
4 0.551483 0.306887 0.103584 0.066216
4 0.411496 0.347428 0.108222 0.073366
4 0.479018 0.325253 0.107274 0.072040
4 0.458142 0.265012 0.088259 0.059520
4 0.514202 0.574731 0.084043 0.132788
4 0.316582 0.304723 0.093879 0.066365
4 0.391630 0.286779 0.086230 0.066865
4 0.464170 0.588672 0.055042 0.116194
4 0.576066 0.546768 0.078053 0.120838
4 0.638312 0.511919 0.067232 0.096961
