4 0.615419 0.624679 0.159554 0.102079
4 0.815502 0.573084 0.172516 0.126207
6 0.590540 0.240973 0.782517 0.376569
6 0.371090 0.757229 0.240521 0.080257
6 0.297751 0.536007 0.385581 0.187490
6 0.544815 0.838799 0.074735 0.048571
4 0.538033 0.217523 0.729115 0.346179
4 0.142660 0.879728 0.216778 0.104350
6 0.675469 0.461547 0.331107 0.039400
6 0.298914 0.496777 0.380289 0.109211
6 0.852972 0.093425 0.254942 0.081192
9 0.359375 0.908931 0.106250 0.085091
9 0.356875 0.783404 0.208750 0.132208
9 0.386875 0.637131 0.083750 0.057665
9 0.905000 0.584388 0.150000 0.088608
9 0.599375 0.468706 0.176250 0.054149
9 0.199375 0.523207 0.346250 0.163150
9 0.738750 0.244726 0.162500 0.142053
9 0.510625 0.189873 0.178750 0.157525
9 0.847500 0.177567 0.265000 0.249648
