4 0.641946 0.643013 0.252513 0.094343
4 0.404637 0.587478 0.173015 0.073420
4 0.375344 0.636623 0.271130 0.092811
4 0.522577 0.432347 0.150305 0.077033
4 0.645705 0.593658 0.170375 0.071848
4 0.394191 0.576636 0.157460 0.052832
4 0.492650 0.446555 0.156499 0.065965
4 0.631424 0.580914 0.138718 0.046554
9 0.599375 0.643812 0.136250 0.055556
9 0.127500 0.334037 0.255000 0.184248
9 0.748125 0.656470 0.098750 0.075246
9 0.355000 0.637834 0.230000 0.099859
9 0.715000 0.604782 0.130000 0.039381
9 0.028750 0.428973 0.057500 0.063291
9 0.238125 0.349156 0.098750 0.063994
9 0.289375 0.275668 0.178750 0.073136
9 0.028750 0.262307 0.057500 0.061885
9 0.947500 0.091772 0.105000 0.086498
