5 0.365815 0.432316 0.729920 0.533217
6 0.061490 0.527254 0.121744 0.149856
9 0.894375 0.957500 0.111250 0.085000
9 0.766875 0.938750 0.091250 0.052500
9 0.107500 0.893750 0.215000 0.117500
9 0.900000 0.785417 0.107500 0.095833
9 0.062500 0.706667 0.125000 0.055000
9 0.803125 0.666667 0.073750 0.053333
9 0.581250 0.661667 0.152500 0.075000
9 0.856875 0.648333 0.286250 0.183333
9 0.883750 0.519583 0.085000 0.062500
9 0.045625 0.439583 0.091250 0.069167
9 0.768125 0.440417 0.131250 0.095833
9 0.213750 0.343333 0.217500 0.081667
9 0.858750 0.315833 0.120000 0.055000
9 0.058125 0.491667 0.116250 0.070000
9 0.528750 0.457917 0.090000 0.067500
