6 0.875331 0.442598 0.248207 0.879875
6 0.169280 0.437343 0.338560 0.868948
5 0.708140 0.689349 0.579515 0.600986
6 0.243915 0.726125 0.319720 0.533793
6 0.030955 0.306808 0.061472 0.240637
6 0.513760 0.483277 0.438827 0.960653
5 0.784841 0.783959 0.428463 0.416112
9 0.056890 0.835000 0.113780 0.330000
9 0.635904 0.296000 0.404551 0.592000
9 0.228824 0.627000 0.154235 0.262000
9 0.510746 0.746000 0.376738 0.508000
9 0.904551 0.630000 0.190898 0.520000
9 0.886852 0.203000 0.226296 0.406000
9 0.185841 0.124000 0.141593 0.248000
