5 0.469231 0.584972 0.380742 0.807965
9 0.127917 0.715000 0.072500 0.080000
9 0.712083 0.706250 0.145833 0.157500
9 0.031250 0.660625 0.062500 0.086250
9 0.162500 0.353125 0.103333 0.141250
9 0.775000 0.266250 0.450000 0.532500
9 0.175833 0.052500 0.081667 0.105000
9 0.432083 0.633125 0.067500 0.073750
9 0.915000 0.640625 0.170000 0.281250
9 0.693333 0.585000 0.123333 0.250000
9 0.487083 0.450000 0.065833 0.075000
9 0.192917 0.560000 0.369167 0.440000
9 0.558750 0.176250 0.040833 0.102500
9 0.225833 0.225000 0.395000 0.450000
