5 0.500308 0.658195 0.997680 0.676546
6 0.820639 0.359323 0.038025 0.031497
6 0.720490 0.334322 0.038262 0.027010
6 0.778176 0.353536 0.035333 0.026785
6 0.850064 0.326814 0.034784 0.019882
6 0.797081 0.325774 0.030411 0.024404
6 0.658729 0.327356 0.032810 0.025603
9 0.066250 0.968003 0.132500 0.051336
9 0.956250 0.497539 0.087500 0.030239
9 0.892500 0.345640 0.215000 0.139944
9 0.230000 0.873418 0.220000 0.087201
9 0.535000 0.821027 0.085000 0.058368
9 0.572500 0.543952 0.855000 0.376231
9 0.041250 0.291842 0.082500 0.049226
9 0.733750 0.278129 0.132500 0.072433
9 0.912500 0.253165 0.145000 0.053446
