5 0.409576 0.543131 0.356033 0.259920
6 0.429524 0.014823 0.016053 0.029225
6 0.459632 0.017373 0.012913 0.027658
6 0.396452 0.016794 0.016525 0.033587
6 0.519015 0.018825 0.015679 0.031318
6 0.405298 0.016772 0.012808 0.032906
6 0.547324 0.019056 0.013553 0.028858
6 0.495029 0.018093 0.013343 0.033310
6 0.561280 0.019193 0.012393 0.027592
6 0.585401 0.019185 0.013582 0.032046
6 0.507698 0.018731 0.012054 0.029764
6 0.401877 0.018076 0.018455 0.034568
6 0.432309 0.015903 0.015854 0.031805
9 0.871875 0.602156 0.176250 0.139644
9 0.703750 0.500937 0.082500 0.066542
9 0.189375 0.077320 0.378750 0.154639
9 0.873125 0.278351 0.253750 0.200562
9 0.083125 0.193533 0.166250 0.070291
