5 0.500245 0.418014 0.221463 0.146729
2 0.383980 0.131223 0.765830 0.228606
2 0.095033 0.239575 0.189120 0.166434
2 0.863962 0.088589 0.271036 0.112922
6 0.162281 0.137254 0.155739 0.251879
2 0.540250 0.043938 0.166156 0.055885
2 0.776915 0.039056 0.136670 0.025792
2 0.022583 0.056962 0.044944 0.047827
6 0.145852 0.122552 0.122279 0.222409
2 0.557791 0.046725 0.133419 0.047617
2 0.735004 0.068148 0.117072 0.061124
2 0.699971 0.067139 0.186300 0.061640
2 0.053455 0.051815 0.106530 0.057993
7 0.782398 0.156926 0.054410 0.082671
