5 0.719516 0.533257 0.298334 0.500302
5 0.582374 0.637938 0.163268 0.299922
2 0.288897 0.250507 0.576494 0.369747
2 0.142707 0.344342 0.284613 0.323931
5 0.415498 0.593754 0.157498 0.276391
2 0.871168 0.347998 0.256371 0.320586
2 0.925575 0.353304 0.148055 0.308008
2 0.819824 0.283533 0.151551 0.201499
5 0.495315 0.525110 0.048893 0.072980
2 0.921255 0.269445 0.155890 0.150839
9 0.942035 0.416250 0.050876 0.090000
9 0.026689 0.405625 0.053378 0.093750
9 0.960801 0.107500 0.078399 0.215000
9 0.099249 0.031875 0.083403 0.063750
9 0.665555 0.535000 0.098415 0.130000
9 0.787323 0.523750 0.133445 0.122500
