5 0.578136 0.695232 0.679562 0.356198
6 0.380703 0.354275 0.085942 0.215376
2 0.816951 0.364441 0.249509 0.184897
2 0.608265 0.401393 0.089054 0.068218
6 0.215460 0.324063 0.163773 0.265516
6 0.242771 0.330810 0.106856 0.250016
2 0.327198 0.372929 0.073338 0.086434
2 0.701733 0.379021 0.053531 0.134587
9 0.102500 0.676875 0.205000 0.406250
9 0.581875 0.307500 0.093750 0.080000
9 0.433750 0.232500 0.130000 0.237500
9 0.864375 0.170000 0.271250 0.340000
9 0.176875 0.176875 0.351250 0.353750
9 0.380000 0.314375 0.092500 0.108750
9 0.041875 0.312500 0.083750 0.105000
