5 0.516563 0.515425 0.463712 0.655625
9 0.161200 0.961250 0.074977 0.077500
9 0.582474 0.949375 0.040300 0.101250
9 0.802249 0.838750 0.073102 0.145000
9 0.196813 0.863125 0.224930 0.273750
9 0.914714 0.784375 0.078725 0.138750
9 0.839738 0.595000 0.112465 0.127500
9 0.696813 0.200000 0.053421 0.067500
9 0.956420 0.074375 0.087160 0.148750
9 0.576851 0.786250 0.621368 0.427500
9 0.133552 0.638125 0.216495 0.223750
9 0.511715 0.508750 0.104967 0.127500
9 0.838332 0.456875 0.094658 0.106250
9 0.054827 0.424375 0.109653 0.136250
9 0.630272 0.293750 0.045923 0.107500
9 0.753515 0.185000 0.054358 0.092500
9 0.857076 0.155625 0.090909 0.088750
9 0.961106 0.154375 0.077788 0.091250
9 0.098407 0.127500 0.059981 0.055000
