6 0.078465 0.494784 0.155402 0.981832
5 0.329072 0.627705 0.464119 0.725306
6 0.219925 0.187013 0.082620 0.370128
6 0.424246 0.187191 0.158526 0.370132
6 0.312697 0.187932 0.137248 0.371214
6 0.976806 0.203098 0.045419 0.397213
6 0.660074 0.494419 0.626373 0.981202
6 0.082903 0.151220 0.083968 0.300650
6 0.506884 0.119932 0.083941 0.235987
6 0.349069 0.186933 0.065439 0.368703
9 0.379333 0.835000 0.324000 0.330000
9 0.480667 0.519000 0.140000 0.242000
9 0.890667 0.690000 0.218667 0.620000
9 0.198667 0.475000 0.290667 0.754000
9 0.282667 0.094000 0.114667 0.188000
