5 0.313621 0.654046 0.510581 0.313945
5 0.373136 0.428337 0.345876 0.156150
6 0.528575 0.092278 0.069868 0.184496
6 0.608160 0.093763 0.070656 0.187527
6 0.226693 0.067554 0.039961 0.091066
6 0.283776 0.066175 0.040562 0.097672
6 0.469065 0.080225 0.046040 0.116073
2 0.847885 0.054151 0.178675 0.056621
6 0.313177 0.071523 0.029402 0.070513
6 0.337978 0.070361 0.039120 0.073429
2 0.567208 0.061044 0.028846 0.062832
7 0.695874 0.102903 0.119301 0.097799
2 0.887982 0.054198 0.097939 0.056275
6 0.397353 0.053314 0.020293 0.037017
9 0.405000 0.036732 0.166000 0.073463
