6 0.840631 0.592734 0.161049 0.501729
6 0.183008 0.594883 0.112808 0.502100
6 0.271659 0.599020 0.091335 0.454541
6 0.726340 0.611243 0.120445 0.504180
6 0.643390 0.634213 0.114933 0.495571
6 0.525730 0.644144 0.100031 0.501295
6 0.461608 0.588779 0.096797 0.434905
6 0.368062 0.621658 0.105278 0.423360
6 0.582600 0.586286 0.076120 0.446314
6 0.389124 0.546325 0.096111 0.447566
6 0.670898 0.410762 0.042532 0.141362
6 0.545881 0.412862 0.039985 0.110159
9 0.329561 0.412000 0.105193 0.156000
9 0.165779 0.313000 0.331558 0.626000
