6 0.873462 0.604068 0.155202 0.459883
6 0.245297 0.689678 0.096506 0.291681
6 0.976532 0.530394 0.046025 0.268239
6 0.326127 0.687002 0.079279 0.310363
6 0.705438 0.604507 0.091572 0.404239
6 0.456436 0.669630 0.071276 0.277458
6 0.096419 0.691914 0.088568 0.311596
6 0.395127 0.668018 0.076971 0.297044
6 0.521490 0.674099 0.072359 0.285020
6 0.759903 0.603012 0.070342 0.414629
6 0.640482 0.605496 0.073827 0.382865
6 0.171581 0.692015 0.095879 0.317952
6 0.321636 0.494832 0.062476 0.191395
6 0.825301 0.566028 0.074419 0.399947
6 0.378809 0.493795 0.058188 0.208006
6 0.586769 0.578487 0.069048 0.407650
6 0.221661 0.503405 0.069320 0.223750
6 0.130204 0.482403 0.072143 0.244355
6 0.425109 0.497222 0.059433 0.191428
6 0.276795 0.506253 0.063600 0.242248
6 0.535011 0.484163 0.075842 0.257583
6 0.479004 0.491569 0.051689 0.206558
6 0.180034 0.476380 0.063497 0.211854
6 0.452791 0.405472 0.039179 0.116160
9 0.953333 0.429000 0.093333 0.170000
9 0.953333 0.720000 0.093333 0.100000
9 0.037333 0.694000 0.074667 0.140000
