8 0.544735 0.632734 0.514945 0.236549
8 0.774359 0.382520 0.350117 0.112681
8 0.856029 0.924461 0.286184 0.150420
8 0.517204 0.936120 0.210750 0.127098
8 0.267367 0.502795 0.188492 0.065063
8 0.842782 0.803926 0.159932 0.087419
8 0.372983 0.359661 0.383377 0.142596
8 0.887154 0.692889 0.176596 0.091280
8 0.625661 0.840470 0.155433 0.086194
8 0.847287 0.529529 0.304637 0.121081
8 0.941805 0.330099 0.115346 0.117106
8 0.211412 0.566463 0.131515 0.053608
8 0.508375 0.788453 0.105957 0.105330
9 0.537000 0.898000 0.334000 0.204000
9 0.857000 0.879000 0.286000 0.242000
9 0.500000 0.464000 1.000000 0.928000
