6 0.181452 0.717430 0.178467 0.310226
6 0.462073 0.711995 0.145673 0.324026
6 0.588525 0.716335 0.139048 0.317902
6 0.325553 0.708816 0.141811 0.328164
6 0.702489 0.709035 0.126383 0.328851
6 0.930377 0.710800 0.132884 0.323813
6 0.817992 0.710704 0.124930 0.322291
6 0.534674 0.540410 0.143849 0.163559
6 0.407759 0.546455 0.122215 0.150370
6 0.173398 0.545453 0.132240 0.134997
6 0.302538 0.543598 0.127353 0.161054
6 0.653127 0.543390 0.116583 0.159261
6 0.773921 0.535569 0.138562 0.154867
6 0.534779 0.363884 0.127865 0.157125
6 0.898858 0.547000 0.120133 0.131946
6 0.447308 0.416759 0.117697 0.128439
6 0.326587 0.305619 0.109006 0.121198
6 0.334147 0.421428 0.105898 0.121986
6 0.369714 0.477701 0.075292 0.110615
6 0.501914 0.468552 0.107711 0.126934
6 0.445676 0.296171 0.128096 0.137148
6 0.598257 0.309169 0.097209 0.129977
6 0.650053 0.467171 0.133824 0.119594
6 0.216090 0.409338 0.147760 0.138945
9 0.073125 0.463132 0.146250 0.190555
9 0.159375 0.282933 0.076250 0.057167
9 0.578750 0.803645 0.102500 0.094449
