6 0.206346 0.615255 0.364607 0.660083
6 0.515558 0.535101 0.322945 0.793031
6 0.688775 0.617376 0.193567 0.430281
6 0.887632 0.640153 0.167832 0.285810
6 0.068983 0.674828 0.137186 0.375310
6 0.817219 0.647200 0.131067 0.261655
6 0.972602 0.646586 0.054796 0.213619
6 0.379653 0.684736 0.102924 0.213256
6 0.380709 0.717979 0.097754 0.142200
6 0.342506 0.682451 0.065392 0.197287
9 0.906250 0.707083 0.075000 0.095833
9 0.885625 0.567500 0.158750 0.140000
9 0.167500 0.608333 0.335000 0.230000
9 0.308125 0.514167 0.078750 0.065000
9 0.634375 0.439583 0.078750 0.064167
9 0.169375 0.364583 0.118750 0.117500
9 0.450625 0.228750 0.113750 0.104167
