6 0.848273 0.600761 0.302031 0.686220
6 0.241910 0.672252 0.402208 0.653433
6 0.885028 0.242152 0.228955 0.483594
6 0.313815 0.224850 0.100861 0.193655
6 0.711966 0.630177 0.573457 0.737139
6 0.642089 0.285732 0.113365 0.117078
6 0.756757 0.244932 0.100746 0.131284
6 0.598604 0.225437 0.082484 0.111443
6 0.355744 0.301187 0.311165 0.358412
6 0.260295 0.311175 0.119363 0.181505
6 0.111758 0.376517 0.141188 0.298721
6 0.132683 0.480771 0.160987 0.236251
6 0.107971 0.657908 0.214874 0.591094
6 0.172665 0.343543 0.077897 0.122814
6 0.963388 0.370715 0.072200 0.157864
6 0.015771 0.352420 0.017302 0.050595
9 0.082006 0.593750 0.164011 0.137500
9 0.552952 0.525625 0.217432 0.366250
9 0.754920 0.260000 0.094658 0.140000
9 0.230553 0.567500 0.386129 0.865000
9 0.780694 0.400000 0.438613 0.800000
