6 0.108855 0.834877 0.216449 0.319816
6 0.543986 0.730034 0.211821 0.519515
6 0.682626 0.790311 0.246407 0.402418
6 0.368930 0.740178 0.160324 0.501545
6 0.863933 0.787707 0.268308 0.378763
6 0.241669 0.768515 0.145936 0.444154
6 0.040054 0.530540 0.080108 0.275240
6 0.814577 0.514172 0.160279 0.331625
6 0.687224 0.502561 0.147961 0.224102
6 0.128528 0.535169 0.128857 0.295221
6 0.252841 0.494818 0.139854 0.253805
6 0.398940 0.476569 0.159338 0.210162
6 0.924091 0.445755 0.146338 0.224164
6 0.185704 0.394902 0.089818 0.130541
9 0.559000 0.671318 0.130000 0.080620
9 0.249000 0.906202 0.138000 0.178295
9 0.399000 0.496899 0.166000 0.175194
