6 0.527796 0.239759 0.536961 0.405179
6 0.173634 0.760574 0.343365 0.476695
6 0.440000 0.727782 0.270210 0.524845
6 0.704511 0.757217 0.443477 0.484791
6 0.849019 0.202438 0.161881 0.224067
6 0.757606 0.236255 0.207588 0.409824
6 0.276616 0.312403 0.229799 0.259463
6 0.276280 0.247164 0.231019 0.385854
6 0.341409 0.248646 0.370538 0.386771
6 0.909312 0.664363 0.181130 0.228280
6 0.134761 0.825491 0.266602 0.347073
6 0.862966 0.264898 0.188204 0.360436
6 0.909032 0.625676 0.181640 0.152116
6 0.805754 0.773345 0.387785 0.451435
6 0.638928 0.508861 0.234045 0.116000
6 0.873289 0.549519 0.253422 0.196176
9 0.624000 0.673163 0.144000 0.122939
9 0.875000 0.511244 0.250000 0.122939
9 0.280000 0.248876 0.180000 0.164918
9 0.739000 0.223388 0.522000 0.446777
9 0.107000 0.120690 0.214000 0.241379
