6 0.083059 0.654878 0.159507 0.678550
6 0.817628 0.630140 0.126205 0.728638
6 0.382429 0.641119 0.160122 0.703622
6 0.500484 0.634168 0.123297 0.717587
6 0.707949 0.598003 0.137772 0.792714
6 0.201210 0.603298 0.135819 0.776812
6 0.301143 0.605310 0.142116 0.770076
6 0.601333 0.620445 0.143444 0.742636
6 0.543475 0.327435 0.038570 0.085144
9 0.409167 0.586875 0.108333 0.271250
9 0.448333 0.367500 0.050000 0.075000
9 0.797500 0.165625 0.405000 0.331250
9 0.232083 0.526875 0.064167 0.186250
9 0.396250 0.376875 0.050833 0.108750
9 0.494583 0.370625 0.134167 0.171250
9 0.619583 0.422500 0.110833 0.310000
9 0.685000 0.301875 0.056667 0.141250
