6 0.448867 0.572750 0.239570 0.839293
6 0.280325 0.425153 0.119004 0.402919
6 0.838575 0.389907 0.113957 0.414778
6 0.674514 0.339943 0.087707 0.292836
6 0.117579 0.409160 0.101427 0.454515
6 0.383388 0.275870 0.103565 0.200767
6 0.620266 0.256585 0.021811 0.074625
6 0.582451 0.257306 0.013695 0.054321
6 0.554827 0.259118 0.012748 0.054096
6 0.765305 0.310246 0.028453 0.142267
6 0.745166 0.302727 0.025218 0.127185
6 0.782860 0.319035 0.025806 0.159670
6 0.641623 0.250138 0.020307 0.050814
6 0.638967 0.253608 0.019500 0.058948
6 0.494512 0.271401 0.020173 0.052798
6 0.731957 0.293549 0.021976 0.114787
9 0.178731 0.391250 0.050045 0.115000
9 0.494638 0.640625 0.070599 0.133750
9 0.677837 0.280625 0.083110 0.121250
