6 0.477417 0.511447 0.954605 0.973801
9 0.894375 0.884669 0.133750 0.042194
9 0.901875 0.547117 0.196250 0.174402
9 0.060000 0.384669 0.120000 0.111111
9 0.362500 0.158931 0.075000 0.052039
9 0.462500 0.154008 0.085000 0.060478
9 0.099375 0.155415 0.198750 0.073136
9 0.490000 0.977848 0.150000 0.044304
9 0.328125 0.925457 0.216250 0.149086
9 0.287500 0.887834 0.102500 0.087904
9 0.136250 0.866737 0.162500 0.172293
9 0.380000 0.815049 0.185000 0.092827
9 0.172500 0.755977 0.135000 0.059072
9 0.643125 0.753165 0.138750 0.132208
9 0.270000 0.145570 0.200000 0.127989
9 0.650625 0.124824 0.216250 0.137131
