6 0.801234 0.520444 0.395620 0.935234
6 0.157280 0.566063 0.313563 0.805546
6 0.518896 0.547401 0.510614 0.880851
6 0.378056 0.489315 0.243392 0.722099
6 0.532705 0.225187 0.142180 0.244426
6 0.604873 0.544726 0.336114 0.878856
9 0.900000 0.779375 0.200000 0.363750
9 0.901250 0.553750 0.052500 0.080000
9 0.285833 0.561250 0.111667 0.135000
9 0.754167 0.877500 0.148333 0.245000
9 0.172083 0.684375 0.074167 0.098750
9 0.241250 0.626250 0.160833 0.167500
9 0.159583 0.434375 0.089167 0.213750
9 0.396667 0.353750 0.140000 0.242500
9 0.499583 0.242500 0.120833 0.132500
9 0.760417 0.363125 0.250833 0.393750
