8 0.381513 0.928639 0.533232 0.141916
8 0.513143 0.763379 0.458844 0.212164
8 0.112492 0.290712 0.224224 0.212997
8 0.098684 0.884483 0.195671 0.229544
8 0.861466 0.213189 0.275841 0.262330
8 0.187732 0.461076 0.285821 0.173840
8 0.063590 0.089479 0.126516 0.158616
8 0.949239 0.043066 0.100555 0.085161
8 0.473487 0.561831 0.180758 0.099004
8 0.180446 0.586152 0.310394 0.423551
8 0.175494 0.562795 0.297969 0.049232
9 0.773000 0.471000 0.186000 0.102000
9 0.910000 0.563000 0.180000 0.334000
9 0.500000 0.500000 1.000000 1.000000
9 0.185000 0.478000 0.322000 0.212000
