6 0.802306 0.758345 0.394629 0.467554
6 0.835549 0.616188 0.327856 0.588826
6 0.585430 0.522116 0.268027 0.777042
6 0.451349 0.723175 0.325753 0.537589
6 0.349118 0.303709 0.289763 0.463921
6 0.784195 0.247955 0.149476 0.280001
6 0.104716 0.413188 0.208778 0.771602
6 0.265055 0.734731 0.386689 0.513761
6 0.174375 0.736771 0.348055 0.514428
6 0.449524 0.237086 0.126392 0.267715
6 0.603007 0.126535 0.115572 0.214516
6 0.534266 0.111059 0.035588 0.062147
6 0.066753 0.100086 0.132677 0.197587
6 0.072812 0.048369 0.121944 0.095176
6 0.868682 0.278595 0.072281 0.209348
6 0.607731 0.188767 0.124303 0.340184
9 0.841691 0.100000 0.156160 0.200000
9 0.369628 0.527000 0.252149 0.414000
9 0.126791 0.558000 0.253582 0.548000
