6 0.178536 0.625644 0.329650 0.722469
6 0.895489 0.537934 0.208294 0.896243
6 0.780932 0.606077 0.228029 0.767932
6 0.422508 0.628922 0.286150 0.720570
6 0.577998 0.611743 0.234948 0.755526
6 0.636467 0.292795 0.152183 0.329113
6 0.314887 0.404478 0.131973 0.552149
6 0.086567 0.557398 0.172310 0.850635
6 0.825938 0.207593 0.093498 0.377794
6 0.477482 0.296718 0.108652 0.317906
6 0.404658 0.208516 0.068501 0.141821
6 0.748456 0.257005 0.202898 0.313049
6 0.704637 0.208917 0.116199 0.212378
6 0.086538 0.400691 0.172548 0.536437
6 0.315409 0.532106 0.134170 0.807074
6 0.974388 0.240584 0.050353 0.213708
6 0.985963 0.186786 0.027213 0.105436
9 0.202290 0.164798 0.105344 0.199552
9 0.090076 0.173767 0.180153 0.347534
9 0.203053 0.705157 0.152672 0.338565
9 0.583969 0.301570 0.114504 0.244395
9 0.451145 0.278027 0.135878 0.233184
