6 0.673833 0.583013 0.647725 0.830603
6 0.355527 0.652914 0.338759 0.688697
6 0.098947 0.631487 0.197894 0.725630
6 0.182424 0.631325 0.189659 0.662755
6 0.213058 0.529488 0.134301 0.331180
6 0.258600 0.472955 0.069594 0.110060
6 0.072821 0.751394 0.142962 0.494717
9 0.323750 0.271667 0.490000 0.205000
9 0.438125 0.913750 0.063750 0.065833
9 0.316250 0.437083 0.107500 0.052500
9 0.652500 0.416250 0.105000 0.050833
9 0.509375 0.385833 0.093750 0.066667
9 0.422500 0.382917 0.095000 0.092500
9 0.086250 0.373333 0.172500 0.148333
9 0.561875 0.304167 0.433750 0.163333
