6 0.785739 0.841986 0.427274 0.314914
6 0.460731 0.873892 0.393961 0.251303
6 0.793679 0.668071 0.412641 0.329001
6 0.223496 0.817572 0.444611 0.363084
6 0.212486 0.622739 0.423904 0.449660
6 0.194734 0.233026 0.387940 0.463399
6 0.617905 0.496740 0.567051 0.716264
6 0.551220 0.103144 0.376699 0.205602
6 0.211966 0.155067 0.423651 0.308070
6 0.776009 0.260266 0.446403 0.518261
6 0.793871 0.541954 0.412259 0.591108
6 0.619409 0.259879 0.555800 0.245099
6 0.223001 0.722791 0.446002 0.551336
6 0.793496 0.415924 0.411851 0.322256
6 0.725688 0.227944 0.385154 0.185653
9 0.722222 0.795170 0.279012 0.194991
9 0.277778 0.786225 0.555556 0.427549
9 0.791358 0.666369 0.318519 0.234347
9 0.177778 0.384615 0.355556 0.318426
9 0.674074 0.293381 0.651852 0.586762
