6 0.612805 0.528439 0.204693 0.854514
6 0.209511 0.485973 0.228688 0.923178
6 0.454653 0.506125 0.178397 0.880893
6 0.342062 0.523474 0.108063 0.755821
6 0.101043 0.510528 0.124273 0.881434
6 0.366551 0.218358 0.041084 0.088172
6 0.083670 0.223963 0.120388 0.315015
6 0.571692 0.493588 0.118119 0.877551
6 0.533494 0.155206 0.050346 0.095380
6 0.582322 0.173479 0.094007 0.236814
6 0.068423 0.196225 0.022755 0.032538
6 0.298117 0.538484 0.083453 0.676157
9 0.189684 0.896250 0.073211 0.107500
9 0.051997 0.612500 0.103993 0.202500
9 0.217970 0.755625 0.108153 0.231250
9 0.591514 0.707500 0.136439 0.240000
9 0.337354 0.691875 0.128952 0.251250
9 0.500416 0.276875 0.075707 0.123750
