6 0.500102 0.567779 0.999795 0.840844
9 0.190625 0.942045 0.381250 0.115909
9 0.838750 0.930682 0.322500 0.138636
9 0.651875 0.514773 0.076250 0.044697
9 0.220000 0.448864 0.092500 0.081061
9 0.648750 0.371591 0.150000 0.100758
9 0.121875 0.308333 0.243750 0.172727
9 0.058750 0.895833 0.117500 0.062879
9 0.948125 0.739015 0.093750 0.047727
9 0.574375 0.682197 0.163750 0.190152
9 0.596250 0.635227 0.147500 0.103788
9 0.684375 0.615152 0.231250 0.128788
9 0.318750 0.532955 0.317500 0.229545
9 0.531875 0.442803 0.388750 0.267424
9 0.671875 0.318939 0.083750 0.045455
9 0.556875 0.250758 0.113750 0.080303
9 0.261250 0.282197 0.187500 0.165909
9 0.503750 0.182955 0.102500 0.049242
