6 0.796706 0.615785 0.192279 0.751082
6 0.568524 0.568119 0.167976 0.846947
6 0.980261 0.351869 0.011287 0.070465
6 0.866724 0.395658 0.008907 0.029369
6 0.905438 0.192132 0.011834 0.033337
9 0.919684 0.478750 0.160632 0.212500
9 0.914088 0.289375 0.142857 0.196250
9 0.811718 0.219375 0.047400 0.066250
9 0.928571 0.140000 0.059908 0.085000
9 0.215932 0.040625 0.044766 0.071250
9 0.548716 0.049375 0.084924 0.098750
9 0.278473 0.500000 0.556945 1.000000
9 0.044108 0.071250 0.088216 0.142500
9 0.777485 0.934375 0.069783 0.131250
9 0.562541 0.635000 0.065174 0.077500
