6 0.154787 0.723771 0.188096 0.543870
6 0.771078 0.698162 0.161812 0.593163
6 0.453653 0.757634 0.139043 0.477891
6 0.317666 0.733686 0.144849 0.530005
6 0.268816 0.690987 0.100173 0.595013
6 0.590813 0.753318 0.171080 0.485576
6 0.667552 0.691146 0.136626 0.605371
6 0.480016 0.473565 0.122808 0.206208
6 0.394152 0.562761 0.077413 0.304394
6 0.562234 0.506272 0.143088 0.225663
6 0.459723 0.486650 0.082811 0.171372
6 0.394850 0.700518 0.078042 0.571751
9 0.475333 0.606000 0.086667 0.156000
9 0.360000 0.516000 0.098667 0.172000
9 0.597333 0.669000 0.162667 0.486000
