6 0.619762 0.519078 0.694139 0.961591
9 0.317713 0.736250 0.356139 0.240000
9 0.978913 0.649375 0.042174 0.076250
9 0.223993 0.527500 0.103093 0.077500
9 0.325211 0.514375 0.104967 0.121250
9 0.289597 0.365625 0.089972 0.123750
9 0.114808 0.298125 0.051546 0.098750
9 0.444705 0.293750 0.053421 0.100000
9 0.489691 0.153750 0.083411 0.087500
9 0.235239 0.156250 0.076851 0.092500
9 0.891284 0.153750 0.217432 0.307500
9 0.572634 0.817500 0.103093 0.075000
9 0.031396 0.793125 0.062793 0.083750
9 0.283505 0.696875 0.049672 0.066250
9 0.302718 0.614375 0.063730 0.078750
9 0.180881 0.655000 0.138707 0.167500
9 0.025305 0.606250 0.050609 0.102500
9 0.433927 0.493750 0.056232 0.082500
9 0.048735 0.343125 0.097470 0.173750
9 0.648079 0.434375 0.351453 0.473750
