6 0.230296 0.720801 0.061774 0.472817
6 0.547338 0.667750 0.064548 0.457133
6 0.341685 0.693120 0.070966 0.441880
6 0.288502 0.710253 0.070875 0.484756
6 0.089104 0.704493 0.053091 0.411543
6 0.418401 0.669815 0.064787 0.488596
6 0.847863 0.687699 0.052885 0.401404
6 0.762938 0.682096 0.055819 0.432395
6 0.656471 0.682540 0.063379 0.455583
6 0.707198 0.678309 0.052262 0.429782
6 0.474918 0.659103 0.059996 0.486429
6 0.139259 0.701725 0.053373 0.424762
6 0.890674 0.666827 0.055533 0.423236
6 0.797631 0.677069 0.053475 0.417644
6 0.181378 0.718536 0.056671 0.440030
6 0.600407 0.664013 0.055067 0.446236
6 0.922164 0.657949 0.042302 0.351717
6 0.509784 0.611462 0.052094 0.472597
6 0.378826 0.616732 0.047816 0.433683
6 0.216891 0.409146 0.042399 0.140909
6 0.165242 0.414887 0.038447 0.147831
6 0.824475 0.499386 0.034707 0.126653
9 0.430000 0.907000 0.164000 0.186000
9 0.078000 0.724000 0.156000 0.552000
9 0.723500 0.662000 0.553000 0.676000
9 0.701000 0.350000 0.076000 0.128000
9 0.406500 0.282000 0.095000 0.184000
9 0.553500 0.307000 0.189000 0.238000
9 0.547500 0.569000 0.067000 0.242000
9 0.772000 0.544000 0.074000 0.288000
9 0.256000 0.549000 0.120000 0.374000
