6 0.303686 0.760730 0.197813 0.388588
6 0.491247 0.744220 0.212991 0.434892
6 0.169809 0.762218 0.143802 0.387177
6 0.647962 0.761564 0.161534 0.402524
6 0.785653 0.752242 0.166902 0.417591
6 0.233134 0.556457 0.186524 0.164877
6 0.660322 0.556406 0.144904 0.147809
6 0.550638 0.558772 0.111808 0.141174
6 0.805414 0.559199 0.152966 0.135614
6 0.391000 0.572486 0.114532 0.131036
6 0.391643 0.670492 0.117384 0.328670
6 0.806361 0.673021 0.156088 0.361698
9 0.074000 0.053333 0.148000 0.106667
9 0.299000 0.686667 0.206000 0.200000
9 0.247000 0.446667 0.210000 0.242667
