6 0.538350 0.601293 0.812804 0.723902
6 0.771406 0.612926 0.457187 0.586583
6 0.820418 0.317808 0.260933 0.407104
6 0.520984 0.284138 0.277564 0.299287
6 0.686141 0.234618 0.114198 0.180967
6 0.103791 0.318176 0.205992 0.283806
6 0.273147 0.223180 0.190567 0.147793
6 0.117391 0.215231 0.162605 0.137228
6 0.957128 0.352833 0.085079 0.424189
6 0.604355 0.174472 0.125456 0.098569
9 0.160000 0.909634 0.190000 0.054149
9 0.856875 0.914557 0.153750 0.073840
9 0.351875 0.887482 0.128750 0.071730
9 0.917500 0.594937 0.127500 0.066104
9 0.150625 0.545359 0.301250 0.235584
9 0.132500 0.399437 0.165000 0.057665
9 0.106250 0.285162 0.212500 0.099156
9 0.799375 0.253516 0.293750 0.229958
9 0.254375 0.082278 0.228750 0.158931
