6 0.209774 0.532501 0.418531 0.906627
6 0.704016 0.635927 0.532468 0.704326
6 0.368615 0.395232 0.102411 0.225686
6 0.512036 0.440138 0.273416 0.322489
6 0.621779 0.458190 0.264439 0.409497
6 0.348255 0.495278 0.279405 0.492691
6 0.515932 0.406132 0.084104 0.166489
6 0.903027 0.448783 0.086465 0.165035
6 0.466675 0.449913 0.183353 0.257737
6 0.930407 0.623791 0.139187 0.518942
6 0.508382 0.331527 0.057958 0.049961
6 0.274605 0.487951 0.134765 0.479176
9 0.538295 0.943000 0.157514 0.114000
9 0.433526 0.668000 0.187861 0.168000
9 0.786850 0.685000 0.336705 0.414000
9 0.571532 0.125000 0.200867 0.202000
9 0.087428 0.069000 0.174855 0.138000
9 0.395954 0.500000 0.791908 1.000000
