6 0.130795 0.671102 0.255512 0.611462
6 0.883816 0.674222 0.231594 0.534051
6 0.682232 0.675031 0.213919 0.532257
6 0.341299 0.643277 0.178660 0.538466
6 0.520232 0.662172 0.193574 0.560305
6 0.357525 0.359417 0.185185 0.491838
6 0.793664 0.471130 0.156085 0.633991
6 0.637728 0.355794 0.159567 0.354812
6 0.503365 0.383249 0.157774 0.301594
6 0.217686 0.309136 0.169270 0.534813
9 0.205833 0.760000 0.061667 0.080000
9 0.957083 0.729375 0.060833 0.086250
9 0.935000 0.545625 0.130000 0.301250
9 0.062500 0.468125 0.125000 0.218750
9 0.708750 0.835625 0.070833 0.108750
9 0.533750 0.768750 0.085833 0.097500
9 0.673333 0.507500 0.063333 0.105000
9 0.517917 0.489375 0.065833 0.158750
9 0.158750 0.466875 0.067500 0.171250
9 0.477500 0.365625 0.085000 0.243750
9 0.363333 0.342500 0.173333 0.420000
9 0.194167 0.170625 0.081667 0.206250
