6 0.854195 0.576604 0.179546 0.836941
6 0.086022 0.572816 0.150034 0.831740
6 0.459267 0.538079 0.133775 0.718090
6 0.617072 0.532685 0.156874 0.760710
6 0.218082 0.557621 0.144729 0.869455
6 0.346261 0.560008 0.144588 0.714082
6 0.724606 0.534654 0.106011 0.727739
6 0.542081 0.508891 0.088877 0.739624
2 0.015785 0.349101 0.031481 0.086738
9 0.235833 0.932500 0.067132 0.120000
9 0.853531 0.917500 0.144725 0.165000
9 0.465998 0.845000 0.089799 0.122500
9 0.337838 0.776250 0.088056 0.207500
9 0.785092 0.578750 0.323452 0.642500
9 0.248474 0.408125 0.496949 0.816250
