6 0.044499 0.764755 0.023191 0.253128
6 0.088435 0.762451 0.023354 0.258211
6 0.067264 0.758857 0.022706 0.263918
6 0.719020 0.763901 0.023326 0.252797
6 0.145874 0.771696 0.021947 0.238668
6 0.165021 0.772359 0.022119 0.237005
6 0.238535 0.772992 0.023586 0.237592
6 0.658238 0.755998 0.023260 0.260425
6 0.126320 0.772129 0.021446 0.241574
6 0.200855 0.769768 0.022814 0.232522
6 0.107972 0.761637 0.021470 0.255914
6 0.502497 0.757358 0.025650 0.273298
6 0.331568 0.758549 0.025729 0.267092
6 0.273535 0.761928 0.018614 0.249229
6 0.638614 0.762547 0.021357 0.246759
6 0.219809 0.771585 0.021894 0.228029
6 0.311200 0.748730 0.023671 0.279695
6 0.784821 0.769473 0.031027 0.242687
6 0.354730 0.760568 0.026823 0.257452
6 0.808827 0.775690 0.022960 0.232620
6 0.291724 0.755998 0.023234 0.260363
6 0.827485 0.775292 0.022488 0.225413
6 0.449357 0.758619 0.023116 0.251760
6 0.182222 0.771112 0.020196 0.230000
6 0.256871 0.770307 0.021143 0.236660
6 0.622637 0.765544 0.018936 0.238363
6 0.522017 0.761308 0.020108 0.259498
6 0.678186 0.755517 0.021933 0.267806
6 0.480761 0.754388 0.021672 0.267184
6 0.605928 0.760411 0.021994 0.249445
6 0.698751 0.760668 0.023762 0.260086
6 0.539506 0.765234 0.023421 0.243481
6 0.589175 0.758385 0.021988 0.255254
6 0.961001 0.759502 0.022857 0.262731
6 0.573379 0.762272 0.020611 0.247080
9 0.024504 0.559000 0.049009 0.242000
