6 0.167611 0.333600 0.069982 0.258207
6 0.889617 0.785663 0.087072 0.295884
6 0.411306 0.810545 0.112524 0.369815
6 0.786748 0.791729 0.074390 0.296291
6 0.727030 0.775476 0.107264 0.344658
6 0.610589 0.813448 0.092736 0.299876
6 0.548819 0.810530 0.060475 0.319333
6 0.307627 0.393547 0.087355 0.234484
6 0.247098 0.333221 0.101814 0.251709
6 0.364109 0.823114 0.076909 0.351143
6 0.667884 0.816948 0.102732 0.276168
6 0.501437 0.832108 0.080140 0.308667
6 0.264631 0.866472 0.153175 0.266725
6 0.708043 0.455912 0.102374 0.199755
6 0.773395 0.457633 0.108578 0.198286
6 0.267549 0.724786 0.114455 0.220870
6 0.553460 0.343991 0.096332 0.201662
6 0.501217 0.441675 0.070354 0.117175
6 0.378262 0.416793 0.087470 0.169861
6 0.627433 0.429981 0.088589 0.184040
6 0.574306 0.444658 0.087709 0.140282
6 0.651489 0.355410 0.098596 0.227346
6 0.483700 0.320562 0.076353 0.161803
6 0.711149 0.321625 0.072667 0.154273
6 0.770351 0.337619 0.097791 0.164358
6 0.443267 0.441151 0.061265 0.115419
6 0.298903 0.866253 0.222611 0.266618
6 0.710783 0.350228 0.075127 0.216477
6 0.364443 0.379292 0.113631 0.244386
6 0.443297 0.334190 0.062851 0.129628
6 0.267649 0.802861 0.118258 0.377865
9 0.146673 0.964375 0.096532 0.071250
9 0.599813 0.916250 0.091846 0.167500
9 0.959231 0.848125 0.081537 0.156250
9 0.706186 0.327500 0.059044 0.107500
9 0.433458 0.899375 0.068416 0.161250
9 0.785380 0.721250 0.076851 0.157500
9 0.294283 0.356875 0.063730 0.156250
