6 0.782378 0.496184 0.433927 0.981684
6 0.296709 0.494399 0.589591 0.977627
6 0.647888 0.628751 0.297833 0.722755
6 0.453377 0.601732 0.272133 0.775112
6 0.327607 0.554074 0.240279 0.853457
6 0.815572 0.488325 0.365515 0.702055
6 0.173279 0.497148 0.264293 0.988913
6 0.594170 0.461966 0.186573 0.385865
6 0.188616 0.184651 0.211499 0.361175
6 0.455173 0.420920 0.106109 0.417742
6 0.418849 0.426318 0.177320 0.429883
6 0.366596 0.295072 0.162833 0.337356
6 0.186160 0.362806 0.218293 0.718239
9 0.236667 0.678000 0.084000 0.124000
9 0.682000 0.868000 0.089333 0.264000
9 0.441333 0.334000 0.088000 0.228000
9 0.361333 0.300000 0.136000 0.280000
9 0.666000 0.440000 0.668000 0.880000
9 0.067333 0.072000 0.134667 0.144000
