6 0.518504 0.666306 0.262274 0.591579
6 0.379630 0.533909 0.250960 0.576240
6 0.766694 0.552261 0.242374 0.660299
6 0.614855 0.406833 0.169087 0.346959
9 0.631875 0.933241 0.148750 0.096685
9 0.288125 0.935083 0.293750 0.129834
9 0.098750 0.919890 0.197500 0.160221
9 0.869375 0.910681 0.206250 0.178637
9 0.702500 0.836556 0.245000 0.094843
9 0.939375 0.791897 0.121250 0.047882
9 0.568750 0.782228 0.152500 0.061694
9 0.866875 0.655617 0.078750 0.071823
9 0.548125 0.564457 0.256250 0.325967
9 0.730000 0.403775 0.100000 0.113260
9 0.593750 0.311694 0.120000 0.116943
