6 0.928344 0.774441 0.142476 0.434838
4 0.592068 0.655715 0.071692 0.201649
6 0.755677 0.626797 0.261610 0.729961
6 0.305957 0.688610 0.158829 0.608100
6 0.129442 0.637380 0.092177 0.202713
6 0.961297 0.401319 0.076527 0.221427
6 0.638926 0.494767 0.189440 0.223997
6 0.062278 0.570112 0.070240 0.127088
6 0.443576 0.696611 0.177141 0.587893
6 0.204213 0.587508 0.060184 0.195030
6 0.382661 0.676880 0.291404 0.630617
6 0.018575 0.577324 0.037015 0.120649
6 0.913485 0.450780 0.040803 0.118171
6 0.981426 0.478920 0.036290 0.097324
6 0.051238 0.520378 0.036462 0.090714
6 0.477776 0.572457 0.108117 0.262968
6 0.958744 0.905310 0.081523 0.182460
4 0.262065 0.548478 0.077093 0.186794
6 0.538315 0.587323 0.069306 0.244936
6 0.851724 0.293796 0.070775 0.106544
6 0.018087 0.504377 0.036090 0.064661
6 0.639227 0.551377 0.188420 0.336876
6 0.478838 0.663209 0.109251 0.450461
9 0.502667 0.305000 0.293333 0.242000
9 0.921333 0.287000 0.157333 0.214000
9 0.146000 0.886000 0.292000 0.228000
9 0.268000 0.715000 0.082667 0.150000
9 0.756667 0.705000 0.230667 0.318000
9 0.139333 0.545000 0.278667 0.238000
9 0.930000 0.571000 0.140000 0.358000
9 0.614000 0.550000 0.473333 0.436000
