6 0.526937 0.424847 0.332351 0.847339
6 0.465868 0.534047 0.852034 0.930946
6 0.839374 0.621771 0.319315 0.748025
6 0.236941 0.547398 0.471201 0.898658
6 0.144685 0.549468 0.287002 0.896403
6 0.253377 0.672721 0.462034 0.653295
6 0.572270 0.536815 0.586864 0.925323
6 0.741927 0.622288 0.508056 0.754375
6 0.210951 0.533275 0.366167 0.378241
6 0.956214 0.779455 0.086437 0.406467
9 0.456250 0.401970 0.085000 0.077861
9 0.480625 0.340525 0.063750 0.052533
9 0.063125 0.077392 0.103750 0.044090
9 0.332500 0.918386 0.377500 0.163227
9 0.143125 0.809099 0.176250 0.139775
9 0.412500 0.849906 0.280000 0.227017
9 0.812500 0.856004 0.247500 0.241088
9 0.561875 0.760788 0.088750 0.110694
9 0.236875 0.596623 0.098750 0.075047
9 0.423125 0.457317 0.101250 0.060976
9 0.121875 0.396811 0.243750 0.253283
9 0.696875 0.168856 0.151250 0.088180
9 0.520000 0.145872 0.080000 0.074109
