6 0.849531 0.695554 0.224709 0.506928
6 0.141719 0.662738 0.196660 0.536790
6 0.437170 0.659712 0.172027 0.519420
6 0.570067 0.660813 0.126554 0.520960
6 0.299600 0.659841 0.164573 0.532563
6 0.385850 0.702234 0.023671 0.076346
6 0.665209 0.643992 0.169486 0.411816
9 0.760908 0.799375 0.095280 0.103750
9 0.212823 0.764375 0.067676 0.073750
9 0.069012 0.783750 0.138023 0.165000
9 0.367320 0.669375 0.146928 0.138750
9 0.434996 0.530000 0.244880 0.442500
9 0.717720 0.475625 0.564559 0.951250
9 0.227961 0.343125 0.455922 0.686250
9 0.131345 0.583125 0.077471 0.108750
9 0.587711 0.591875 0.115761 0.236250
9 0.424755 0.565000 0.153161 0.185000
9 0.180766 0.534375 0.065895 0.141250
