6 0.686778 0.768809 0.191113 0.369245
6 0.037664 0.567707 0.075017 0.409207
6 0.357484 0.770510 0.187324 0.352191
6 0.191692 0.773233 0.168713 0.329154
6 0.792457 0.653662 0.182503 0.452667
6 0.943675 0.609849 0.111468 0.373120
6 0.515234 0.775460 0.163658 0.319350
6 0.617863 0.626971 0.139742 0.361187
6 0.147003 0.658546 0.169069 0.395078
6 0.479363 0.607180 0.133405 0.326306
6 0.317971 0.625243 0.142404 0.323268
6 0.258735 0.483128 0.063965 0.153474
6 0.885867 0.508462 0.063203 0.149953
6 0.120736 0.507650 0.056822 0.104495
6 0.815877 0.496522 0.051423 0.101318
6 0.584360 0.477185 0.039472 0.091403
6 0.673403 0.527864 0.044897 0.077879
6 0.804041 0.475425 0.027534 0.057677
9 0.585457 0.575000 0.343328 0.262000
9 0.902549 0.530000 0.119940 0.196000
9 0.127436 0.576000 0.254873 0.352000
