6 0.588506 0.593416 0.394767 0.438211
6 0.751595 0.419483 0.047751 0.139738
6 0.191432 0.431279 0.068448 0.070590
6 0.028524 0.427158 0.020475 0.037684
6 0.079206 0.424019 0.027171 0.035113
8 0.970685 0.433269 0.053512 0.013481
8 0.357872 0.409546 0.056728 0.017729
8 0.526648 0.417480 0.049450 0.015035
8 0.869950 0.432329 0.069582 0.021793
8 0.810780 0.433152 0.054842 0.014393
8 0.966239 0.432426 0.062335 0.016859
8 0.989140 0.451622 0.021522 0.023024
6 0.462429 0.443995 0.011771 0.020281
9 0.846250 0.885661 0.150000 0.078725
9 0.914375 0.824742 0.101250 0.059981
9 0.390000 0.807404 0.060000 0.066542
9 0.629375 0.758669 0.073750 0.100281
9 0.608750 0.689316 0.065000 0.057170
9 0.589375 0.521556 0.393750 0.252109
