6 0.803235 0.535810 0.323432 0.916352
6 0.425532 0.624258 0.353326 0.734411
6 0.644406 0.427625 0.198287 0.745855
6 0.473402 0.252226 0.195051 0.382600
9 0.465417 0.934375 0.065833 0.131250
9 0.295833 0.920625 0.065000 0.138750
9 0.459167 0.810625 0.075000 0.128750
9 0.802083 0.765000 0.060833 0.090000
9 0.881667 0.631250 0.048333 0.127500
9 0.660833 0.516875 0.178333 0.393750
9 0.407083 0.411250 0.104167 0.225000
9 0.472500 0.260625 0.080000 0.173750
9 0.671250 0.162500 0.080833 0.155000
9 0.771667 0.250000 0.128333 0.340000
