6 0.253526 0.562598 0.505594 0.873177
6 0.752871 0.650363 0.494257 0.697375
6 0.112127 0.373699 0.223752 0.614141
6 0.501359 0.517059 0.211021 0.863293
6 0.885082 0.456553 0.229836 0.621782
6 0.671851 0.214453 0.288552 0.374390
6 0.655787 0.318592 0.324974 0.583451
9 0.439189 0.701000 0.106607 0.198000
9 0.697447 0.569000 0.235736 0.322000
9 0.307808 0.412000 0.228228 0.408000
9 0.819820 0.322000 0.273273 0.360000
9 0.480480 0.222000 0.120120 0.264000
9 0.617868 0.173000 0.112613 0.186000
9 0.108859 0.217000 0.139640 0.274000
