6 0.076064 0.603916 0.151404 0.698425
6 0.777386 0.584623 0.146896 0.739932
6 0.280379 0.584209 0.148584 0.604044
6 0.407435 0.581485 0.141438 0.654738
6 0.544996 0.599954 0.160685 0.659710
6 0.679282 0.578486 0.132885 0.671985
6 0.141445 0.592831 0.114915 0.566405
6 0.866114 0.548548 0.092221 0.633047
2 0.555710 0.163655 0.101671 0.147346
6 0.968871 0.518174 0.061234 0.525187
6 0.917819 0.546593 0.093660 0.610602
6 0.987443 0.295968 0.024421 0.099379
6 0.476536 0.330354 0.052997 0.114269
6 0.641281 0.358195 0.086617 0.238086
6 0.179560 0.454969 0.086187 0.400054
6 0.346407 0.347017 0.071221 0.194276
6 0.585459 0.282477 0.072142 0.157473
9 0.746667 0.364000 0.141333 0.300000
