6 0.535092 0.525795 0.903379 0.945114
6 0.488201 0.081044 0.213158 0.161909
9 0.936875 0.470816 0.126250 0.054149
9 0.054375 0.122714 0.068750 0.035865
9 0.629375 0.050985 0.098750 0.044304
9 0.161250 0.899789 0.085000 0.061181
9 0.451250 0.914205 0.340000 0.171589
9 0.706250 0.878692 0.177500 0.121660
9 0.906250 0.833685 0.107500 0.080872
9 0.295625 0.758087 0.413750 0.218003
9 0.484375 0.415612 0.113750 0.040788
9 0.893125 0.414557 0.176250 0.089311
9 0.660000 0.281294 0.080000 0.047820
9 0.481250 0.246132 0.200000 0.092827
9 0.359375 0.194444 0.101250 0.055556
9 0.850625 0.056610 0.298750 0.104782
