8 0.763287 0.694643 0.414571 0.139848
8 0.155004 0.348484 0.272633 0.094269
8 0.330087 0.410545 0.343017 0.167620
8 0.203662 0.167867 0.355235 0.271124
8 0.202415 0.115744 0.354764 0.165801
8 0.734612 0.946166 0.340943 0.106943
8 0.909668 0.551480 0.179527 0.102073
8 0.609808 0.481518 0.303101 0.113860
8 0.687697 0.821383 0.367093 0.133698
6 0.027603 0.063543 0.054755 0.100955
8 0.330370 0.469852 0.342563 0.289044
8 0.611307 0.633301 0.303049 0.424259
9 0.500000 0.618000 1.000000 0.764000
9 0.192000 0.103000 0.384000 0.206000
