6 0.178910 0.558774 0.212345 0.458183
6 0.810273 0.459092 0.113585 0.384918
6 0.294114 0.610250 0.138886 0.431189
6 0.636305 0.473417 0.098750 0.359053
6 0.457071 0.522138 0.095251 0.309189
6 0.550121 0.474110 0.092625 0.388317
2 0.497241 0.382881 0.292334 0.150315
2 0.453035 0.383043 0.203211 0.147902
6 0.898754 0.355430 0.019345 0.059421
9 0.392804 0.250000 0.371814 0.296000
9 0.295352 0.665000 0.128936 0.226000
9 0.445277 0.473000 0.098951 0.170000
9 0.175412 0.472000 0.197901 0.228000
9 0.558471 0.390000 0.118441 0.176000
