6 0.447686 0.620117 0.231057 0.743185
6 0.265689 0.599764 0.172580 0.783863
6 0.128489 0.552415 0.194422 0.762835
6 0.765019 0.620770 0.153950 0.739730
6 0.644878 0.618012 0.131250 0.743915
4 0.223387 0.547713 0.039634 0.053030
4 0.479650 0.605582 0.040630 0.051794
6 0.017534 0.534442 0.034663 0.092713
4 0.611480 0.445788 0.031516 0.049827
4 0.988206 0.658680 0.022785 0.058042
4 0.329238 0.616378 0.043657 0.055575
4 0.479039 0.626365 0.042447 0.089713
4 0.987768 0.736949 0.023562 0.048562
6 0.011900 0.533365 0.023759 0.093511
4 0.879246 0.665087 0.047786 0.097373
9 0.468667 0.393000 0.097333 0.202000
9 0.284000 0.366000 0.082667 0.228000
9 0.150000 0.305000 0.076000 0.162000
