6 0.801684 0.762948 0.101820 0.233980
6 0.278461 0.752989 0.134980 0.251855
6 0.412092 0.762488 0.115314 0.251553
6 0.343832 0.759300 0.098916 0.250361
6 0.745565 0.757356 0.147891 0.249030
6 0.643284 0.756339 0.104552 0.260229
6 0.487892 0.754067 0.267624 0.261434
6 0.669543 0.755593 0.157599 0.256744
6 0.586804 0.770066 0.108249 0.236965
6 0.499847 0.753979 0.140945 0.261130
6 0.508850 0.756017 0.090623 0.256064
9 0.456875 0.511250 0.103750 0.037500
9 0.909375 0.181250 0.181250 0.124167
9 0.873125 0.085833 0.253750 0.123333
9 0.471250 0.085000 0.242500 0.170000
9 0.156875 0.208333 0.313750 0.416667
