6 0.299682 0.695236 0.599363 0.608044
6 0.753697 0.768422 0.492606 0.461913
6 0.176988 0.351663 0.029459 0.028892
6 0.147261 0.352618 0.035949 0.033390
6 0.020505 0.355897 0.037923 0.031707
6 0.344941 0.346816 0.025613 0.029337
6 0.086339 0.354505 0.030237 0.031511
6 0.214245 0.351048 0.024575 0.032473
6 0.120865 0.351720 0.035174 0.034280
6 0.210541 0.353079 0.024428 0.028077
6 0.257531 0.351776 0.028422 0.029289
6 0.240232 0.352458 0.030201 0.028525
6 0.056206 0.351226 0.039844 0.026429
6 0.287138 0.352450 0.028944 0.025398
6 0.098499 0.354210 0.036966 0.031958
9 0.410625 0.546813 0.126250 0.079526
9 0.083125 0.501128 0.166250 0.130288
9 0.695000 0.489284 0.610000 0.212634
9 0.436875 0.280316 0.541250 0.169205
9 0.080625 0.230682 0.161250 0.082346
9 0.925625 0.192893 0.148750 0.109419
9 0.407500 0.170333 0.315000 0.085730
9 0.693750 0.152566 0.185000 0.067118
9 0.830000 0.947829 0.210000 0.104343
9 0.956250 0.771292 0.087500 0.033277
9 0.776250 0.623519 0.447500 0.218274
