6 0.914272 0.730191 0.045086 0.174459
6 0.251262 0.733617 0.044007 0.167481
6 0.840952 0.731453 0.043336 0.175359
6 0.566819 0.732888 0.041888 0.167929
6 0.879331 0.732090 0.042470 0.171021
6 0.605906 0.732173 0.038402 0.170277
6 0.529292 0.736129 0.040530 0.162608
6 0.687968 0.729534 0.046976 0.177402
6 0.492270 0.731466 0.043028 0.175405
6 0.163125 0.736291 0.039900 0.167022
6 0.801967 0.731688 0.052958 0.170375
6 0.092708 0.735776 0.042463 0.160610
6 0.727217 0.740203 0.040266 0.154953
6 0.205641 0.731910 0.048175 0.171006
6 0.452373 0.729899 0.045645 0.173451
6 0.648944 0.732903 0.047676 0.170849
6 0.332290 0.735135 0.045980 0.163117
6 0.958516 0.731245 0.045800 0.172713
6 0.129591 0.736553 0.045212 0.163526
6 0.290587 0.737367 0.043088 0.165095
6 0.415117 0.735067 0.043130 0.168421
6 0.375183 0.736002 0.043061 0.164268
6 0.983056 0.729265 0.033196 0.170612
6 0.049117 0.732616 0.055664 0.173247
6 0.016840 0.701298 0.033524 0.184095
9 0.576875 0.626000 0.171250 0.228000
9 0.811875 0.582000 0.228750 0.240000
