6 0.529318 0.745744 0.048760 0.192283
6 0.700934 0.750277 0.053110 0.190752
6 0.410486 0.737678 0.052401 0.196153
6 0.240639 0.744983 0.048166 0.191628
6 0.585667 0.742406 0.053752 0.194858
6 0.468767 0.740962 0.051571 0.191352
6 0.350724 0.741030 0.051482 0.192965
6 0.295645 0.744844 0.045758 0.188148
6 0.182267 0.744550 0.052018 0.192242
6 0.755445 0.751484 0.047395 0.195414
6 0.128872 0.742936 0.052254 0.191755
6 0.080241 0.742385 0.046099 0.195946
6 0.911854 0.719133 0.050839 0.248539
6 0.814275 0.755927 0.057677 0.192169
6 0.649236 0.747697 0.050700 0.188030
6 0.874909 0.759577 0.060202 0.184682
