6 0.278794 0.664658 0.199771 0.656931
6 0.515806 0.629125 0.197969 0.727555
6 0.842943 0.595181 0.136705 0.536645
6 0.721586 0.592874 0.084609 0.480567
6 0.654476 0.639537 0.094256 0.568188
2 0.067755 0.459264 0.135201 0.101375
6 0.775297 0.517260 0.054749 0.319214
6 0.962906 0.476984 0.044889 0.144394
6 0.885637 0.542857 0.053198 0.373202
6 0.915078 0.489794 0.032954 0.163285
6 0.593367 0.488915 0.054317 0.281051
4 0.231821 0.730191 0.035475 0.136212
6 0.428403 0.528006 0.082485 0.381027
6 0.029422 0.883015 0.058293 0.221305
6 0.878068 0.395136 0.036158 0.070604
6 0.890298 0.467079 0.063000 0.216866
6 0.592594 0.440109 0.053561 0.183565
9 0.500000 0.500000 1.000000 1.000000
9 0.100000 0.199000 0.200000 0.398000
