6 0.331808 0.498358 0.182640 0.989294
6 0.862742 0.488126 0.115933 0.716630
6 0.083628 0.733016 0.166391 0.526905
6 0.616860 0.527965 0.119634 0.737843
6 0.476231 0.549870 0.127689 0.848126
6 0.212060 0.728458 0.183290 0.531192
6 0.770026 0.442425 0.110663 0.641014
6 0.697966 0.456261 0.076956 0.513336
6 0.553570 0.508685 0.050097 0.479544
4 0.210320 0.604878 0.022450 0.076020
9 0.132729 0.256000 0.058635 0.196000
9 0.215352 0.859000 0.113006 0.266000
9 0.349147 0.862000 0.118337 0.276000
9 0.062900 0.778000 0.125800 0.352000
9 0.215885 0.699000 0.180171 0.390000
9 0.644456 0.387000 0.180171 0.254000
9 0.420043 0.541000 0.283582 0.778000
