6 0.161687 0.666856 0.317496 0.661730
6 0.757474 0.593423 0.365862 0.640909
6 0.449731 0.700926 0.353895 0.589198
6 0.919954 0.473774 0.159449 0.427659
6 0.047428 0.541290 0.094080 0.308015
6 0.077831 0.363621 0.155663 0.169929
6 0.565463 0.351094 0.120360 0.160356
6 0.622079 0.358242 0.146509 0.156596
6 0.254054 0.307292 0.099418 0.076114
6 0.261204 0.341973 0.117272 0.146233
6 0.362502 0.333591 0.081492 0.094939
6 0.050408 0.652518 0.099307 0.524482
6 0.462021 0.354713 0.124980 0.078884
9 0.145000 0.969072 0.057500 0.061856
9 0.455625 0.706186 0.081250 0.042174
9 0.073125 0.931584 0.066250 0.071228
9 0.126875 0.860825 0.101250 0.128397
9 0.356875 0.834583 0.098750 0.119025
9 0.566250 0.826148 0.095000 0.137769
9 0.769375 0.671978 0.098750 0.103093
