6 0.270060 0.549720 0.448383 0.562893
6 0.604925 0.725751 0.407340 0.384363
6 0.827953 0.549581 0.245326 0.511540
6 0.628613 0.547589 0.241548 0.510193
9 0.132500 0.450797 0.265000 0.245548
9 0.683750 0.296626 0.632500 0.443299
9 0.126875 0.170103 0.253750 0.340206
9 0.547500 0.712277 0.275000 0.275539
9 0.616875 0.496720 0.193750 0.168697
9 0.821250 0.446111 0.132500 0.125586
9 0.681875 0.426898 0.076250 0.098407
9 0.586875 0.415651 0.133750 0.135895
9 0.380000 0.369728 0.080000 0.059044
9 0.763750 0.362231 0.087500 0.057170
