6 0.542423 0.724649 0.367741 0.316556
6 0.815239 0.725483 0.199855 0.476922
6 0.280969 0.629098 0.167674 0.349141
6 0.928438 0.615710 0.142400 0.335485
6 0.150790 0.638098 0.138921 0.341270
6 0.140043 0.362591 0.128388 0.411309
6 0.591284 0.571980 0.120819 0.247833
6 0.681090 0.359541 0.098461 0.278185
6 0.536612 0.409880 0.116442 0.288813
6 0.896954 0.349922 0.101648 0.344859
6 0.477974 0.517786 0.105755 0.204652
6 0.794061 0.476052 0.131562 0.211697
6 0.819864 0.298822 0.089488 0.308208
6 0.397693 0.520609 0.104891 0.191464
6 0.399476 0.345716 0.122613 0.300738
6 0.751893 0.341876 0.081322 0.251155
6 0.326477 0.511351 0.086844 0.231215
6 0.210181 0.319706 0.074154 0.238305
6 0.674186 0.582111 0.132649 0.323826
6 0.328922 0.387165 0.077858 0.214088
6 0.613322 0.376942 0.066148 0.227227
6 0.268130 0.338134 0.090331 0.242524
9 0.664168 0.646000 0.167916 0.164000
9 0.232384 0.566000 0.128936 0.188000
9 0.577961 0.535000 0.091454 0.210000
