6 0.436906 0.696709 0.178002 0.596485
6 0.783363 0.647295 0.090232 0.373789
6 0.194235 0.689980 0.101091 0.470060
6 0.658586 0.631473 0.072896 0.344377
6 0.561251 0.591389 0.077079 0.328509
6 0.028292 0.631313 0.056338 0.403840
6 0.278993 0.617807 0.078368 0.358978
6 0.121420 0.644048 0.071854 0.394101
6 0.619746 0.579662 0.049713 0.248482
6 0.739897 0.604746 0.049905 0.353808
6 0.322973 0.594226 0.059208 0.319224
6 0.081959 0.610712 0.055817 0.311737
6 0.695116 0.566173 0.047227 0.208628
6 0.460583 0.479721 0.055198 0.093558
6 0.224869 0.508945 0.045982 0.127264
9 0.822667 0.257000 0.354667 0.514000
