6 0.636360 0.804194 0.575339 0.306524
6 0.184864 0.544374 0.207886 0.332653
6 0.893055 0.588240 0.211337 0.378016
6 0.843067 0.797610 0.312601 0.276634
6 0.267312 0.791516 0.219277 0.322121
6 0.700771 0.625720 0.196433 0.449994
6 0.404873 0.536017 0.284251 0.352951
6 0.956510 0.760943 0.086293 0.254005
6 0.086279 0.783035 0.172130 0.346638
6 0.045474 0.579898 0.090361 0.295698
6 0.507712 0.666807 0.450567 0.367137
6 0.045705 0.693209 0.090764 0.522415
9 0.859375 0.820993 0.093750 0.061856
9 0.406250 0.876289 0.107500 0.146204
9 0.728750 0.783037 0.105000 0.094658
9 0.435625 0.743205 0.063750 0.093721
9 0.820000 0.746954 0.127500 0.155576
9 0.728125 0.577320 0.126250 0.065604
9 0.189375 0.720244 0.378750 0.381443
9 0.531250 0.552015 0.082500 0.086223
9 0.885000 0.452202 0.070000 0.074039
9 0.701250 0.444236 0.067500 0.071228
9 0.205625 0.430178 0.081250 0.080600
9 0.361875 0.413308 0.068750 0.073102
