6 0.725132 0.624580 0.112150 0.666930
6 0.917947 0.595901 0.104774 0.602987
6 0.092161 0.587903 0.104306 0.683613
6 0.539109 0.599557 0.115923 0.673904
6 0.434686 0.603323 0.112689 0.657808
6 0.351586 0.599893 0.104815 0.682918
6 0.805621 0.616548 0.094382 0.643361
6 0.288979 0.587299 0.083013 0.679534
6 0.165731 0.589143 0.091451 0.676410
6 0.857091 0.590418 0.073186 0.616420
6 0.227021 0.595296 0.073576 0.667537
6 0.626573 0.606024 0.103787 0.693939
6 0.760519 0.338987 0.059997 0.148714
6 0.336038 0.288898 0.060319 0.168138
6 0.614297 0.278632 0.115284 0.211959
6 0.465576 0.444126 0.144028 0.492093
6 0.461118 0.562712 0.152813 0.729696
6 0.463502 0.324568 0.145857 0.252864
6 0.583488 0.295291 0.054918 0.181172
6 0.225481 0.386882 0.071278 0.238933
6 0.227712 0.671333 0.066728 0.512343
9 0.666667 0.365625 0.046667 0.083750
9 0.538750 0.310625 0.057500 0.143750
