6 0.347177 0.587314 0.238772 0.809315
6 0.583403 0.522941 0.244920 0.933364
6 0.973008 0.312682 0.023806 0.108524
6 0.852563 0.302290 0.029794 0.123549
6 0.920523 0.308668 0.027303 0.120246
6 0.874878 0.300012 0.028918 0.119706
6 0.943775 0.311038 0.027365 0.120945
6 0.994931 0.316778 0.009996 0.102900
6 0.901948 0.306916 0.021348 0.107803
6 0.992311 0.316837 0.014569 0.104743
6 0.949607 0.312266 0.027027 0.113254
6 0.237291 0.238985 0.022093 0.075656
9 0.875000 0.149701 0.250000 0.299401
9 0.619000 0.136228 0.322000 0.272455
9 0.162000 0.235030 0.324000 0.470060
