2 0.406033 0.515258 0.107075 0.070904
6 0.520897 0.547988 0.091701 0.154903
6 0.607457 0.539656 0.120945 0.164173
2 0.314621 0.495711 0.075889 0.047279
6 0.779893 0.545780 0.072701 0.146336
6 0.691652 0.539850 0.076811 0.155360
6 0.928688 0.527073 0.043199 0.101043
6 0.175853 0.552876 0.090553 0.142314
6 0.839060 0.522162 0.045018 0.094075
6 0.219331 0.538256 0.065109 0.133873
6 0.728406 0.542629 0.049327 0.123421
6 0.266719 0.537042 0.057826 0.133600
2 0.483790 0.504694 0.069106 0.060246
2 0.472248 0.519737 0.054819 0.051194
6 0.560816 0.529693 0.046337 0.136290
6 0.047213 0.536380 0.058619 0.130858
2 0.135308 0.499396 0.049557 0.060513
6 0.725483 0.541311 0.038029 0.140430
6 0.258353 0.534202 0.040944 0.121673
2 0.492565 0.502524 0.053625 0.056104
9 0.421000 0.671664 0.218000 0.125937
9 0.399000 0.371814 0.210000 0.251874
9 0.617000 0.409295 0.450000 0.344828
