6 0.792415 0.664952 0.092816 0.459922
6 0.887034 0.672468 0.081816 0.438225
6 0.507661 0.653629 0.101945 0.481788
6 0.314469 0.672340 0.083223 0.447744
6 0.234307 0.676188 0.086177 0.434900
6 0.131328 0.673113 0.080280 0.434961
6 0.706598 0.678103 0.084328 0.431438
6 0.412375 0.661233 0.087362 0.466642
6 0.608272 0.673856 0.090679 0.442434
6 0.173257 0.576244 0.070265 0.403386
6 0.096486 0.583111 0.066190 0.391723
6 0.653239 0.589041 0.063267 0.383116
6 0.370855 0.579751 0.062679 0.401632
6 0.886876 0.465329 0.078320 0.171482
6 0.570199 0.574325 0.060799 0.388098
6 0.464769 0.579643 0.056716 0.371000
6 0.237893 0.460803 0.066256 0.155689
6 0.731899 0.457373 0.067695 0.176253
6 0.812926 0.462730 0.057299 0.166872
6 0.302454 0.479233 0.079684 0.195824
9 0.360186 0.373000 0.118509 0.166000
9 0.059254 0.294000 0.118509 0.352000
9 0.204394 0.298000 0.097204 0.280000
