7 0.500537 0.488891 0.874233 0.975128
6 0.110939 0.050429 0.062462 0.100063
6 0.022354 0.053132 0.044660 0.104387
6 0.852263 0.150182 0.064033 0.298325
6 0.980868 0.260519 0.037329 0.299245
6 0.898534 0.125943 0.069940 0.248141
6 0.900092 0.181240 0.067028 0.136320
7 0.953361 0.073847 0.088602 0.142011
2 0.455275 0.088289 0.144464 0.174015
6 0.764551 0.039488 0.059038 0.078381
7 0.338223 0.177562 0.375269 0.353273
7 0.261817 0.179974 0.223478 0.353832
6 0.548132 0.033547 0.068450 0.066255
6 0.180433 0.049810 0.039704 0.097742
6 0.981143 0.198289 0.036909 0.384571
6 0.363863 0.041941 0.049306 0.083883
9 0.453881 0.064000 0.140607 0.128000
