7 0.236653 0.593310 0.260494 0.116576
7 0.092010 0.580429 0.183871 0.122162
7 0.612393 0.564271 0.178385 0.068393
6 0.851272 0.551651 0.062176 0.106245
6 0.790240 0.555504 0.061811 0.096146
6 0.948395 0.533071 0.031145 0.049888
7 0.406020 0.557375 0.109747 0.054266
6 0.985821 0.545644 0.027823 0.076975
6 0.912801 0.541120 0.043697 0.051659
7 0.709413 0.562207 0.125073 0.065785
7 0.486837 0.553772 0.097903 0.064152
6 0.693564 0.521545 0.028577 0.033545
7 0.437847 0.554828 0.170493 0.063708
9 0.936875 0.958509 0.126250 0.082982
9 0.500000 0.500000 1.000000 1.000000
