7 0.425177 0.548252 0.630751 0.769853
2 0.066331 0.186488 0.125095 0.060440
2 0.709796 0.196653 0.049470 0.036151
6 0.436403 0.216676 0.164437 0.152160
2 0.506133 0.197704 0.155729 0.065097
6 0.346125 0.189874 0.042649 0.090830
2 0.741045 0.198043 0.055671 0.030397
2 0.149201 0.185742 0.122589 0.055682
2 0.983794 0.266057 0.032157 0.110590
2 0.010199 0.238215 0.020362 0.028666
2 0.247694 0.184126 0.096370 0.037845
7 0.273693 0.209474 0.064839 0.046669
7 0.222988 0.210681 0.053721 0.045024
9 0.190000 0.820840 0.380000 0.358321
9 0.075000 0.483508 0.150000 0.130435
9 0.874000 0.055472 0.252000 0.110945
9 0.337000 0.080960 0.318000 0.161919
9 0.369000 0.746627 0.158000 0.092954
9 0.816000 0.171664 0.368000 0.181409
