7 0.111309 0.742096 0.220856 0.467234
7 0.762958 0.606877 0.291453 0.242358
7 0.203799 0.524326 0.231722 0.248936
2 0.789307 0.377210 0.036504 0.029275
7 0.951928 0.603371 0.095285 0.216843
7 0.545562 0.434752 0.056234 0.100459
7 0.271315 0.489492 0.171527 0.201027
7 0.713426 0.526696 0.276867 0.239454
7 0.633875 0.539479 0.118154 0.213895
7 0.524366 0.417798 0.051287 0.085540
7 0.600426 0.445622 0.131503 0.133824
7 0.950370 0.558573 0.098302 0.305911
7 0.933100 0.511346 0.133799 0.223657
7 0.630889 0.435312 0.082480 0.096756
7 0.042062 0.506968 0.083651 0.247376
7 0.374143 0.427593 0.073388 0.096476
7 0.402376 0.405056 0.052630 0.054082
7 0.357573 0.436125 0.088760 0.109996
7 0.336232 0.455743 0.118720 0.146517
7 0.135068 0.466741 0.101409 0.139468
7 0.520182 0.423512 0.042483 0.069971
7 0.398871 0.420020 0.050630 0.083527
7 0.517871 0.407747 0.053982 0.087843
7 0.770275 0.408017 0.105299 0.069005
7 0.570398 0.448211 0.073111 0.118268
7 0.565955 0.430766 0.085009 0.111403
7 0.390157 0.425696 0.046112 0.093769
7 0.378802 0.437609 0.050731 0.084648
7 0.487780 0.388573 0.031074 0.039149
7 0.033459 0.546274 0.066543 0.174850
6 0.438879 0.386693 0.016031 0.046399
