6 0.543721 0.329731 0.062257 0.228741
7 0.204445 0.282860 0.041197 0.043636
7 0.389461 0.390062 0.097364 0.208439
6 0.623089 0.288883 0.035541 0.125090
6 0.204717 0.264872 0.020169 0.055015
7 0.463530 0.364340 0.078618 0.162119
7 0.696862 0.621903 0.274533 0.619555
7 0.608684 0.432155 0.096893 0.240602
2 0.138584 0.247683 0.041956 0.033214
7 0.706783 0.741458 0.252833 0.371232
9 0.939280 0.288000 0.121439 0.124000
9 0.276612 0.217000 0.328336 0.222000
9 0.037481 0.120000 0.074963 0.144000
9 0.577211 0.096000 0.194903 0.192000
