2 0.874304 0.359252 0.250435 0.179136
2 0.615416 0.337789 0.185591 0.123066
7 0.465648 0.402802 0.105057 0.191464
7 0.316268 0.450477 0.109712 0.206554
6 0.759037 0.306238 0.028243 0.099852
7 0.702278 0.635665 0.297345 0.605834
2 0.189462 0.352056 0.090434 0.096687
7 0.717518 0.353699 0.057865 0.115695
2 0.052204 0.325750 0.042125 0.045183
6 0.316074 0.316491 0.025125 0.076631
2 0.367842 0.320059 0.079721 0.074047
7 0.102668 0.377567 0.062503 0.078601
7 0.238677 0.427184 0.101114 0.133421
7 0.615030 0.531284 0.123850 0.357978
7 0.490379 0.340599 0.067149 0.072705
2 0.236630 0.306687 0.045698 0.042201
7 0.508002 0.341276 0.031985 0.072133
2 0.115300 0.314948 0.032519 0.037267
7 0.375132 0.401839 0.058083 0.100557
2 0.108294 0.314813 0.044393 0.035874
2 0.097033 0.314232 0.024623 0.033392
6 0.341096 0.329401 0.027631 0.049810
7 0.119950 0.364538 0.096465 0.105490
2 0.360043 0.275206 0.053501 0.024454
2 0.327070 0.321211 0.158968 0.075982
9 0.733883 0.872000 0.280360 0.256000
9 0.953523 0.190000 0.092954 0.156000
9 0.052474 0.151000 0.104948 0.218000
9 0.595952 0.173000 0.088456 0.230000
