2 0.853368 0.562885 0.290983 0.246775
2 0.273382 0.407293 0.268978 0.192799
2 0.276209 0.297298 0.241642 0.140080
2 0.165998 0.582016 0.306120 0.240368
7 0.521750 0.851515 0.152338 0.202893
6 0.746246 0.857050 0.198654 0.274963
7 0.392241 0.922089 0.137326 0.154787
7 0.754680 0.908892 0.193020 0.181440
6 0.231861 0.949157 0.180611 0.101144
2 0.349453 0.204671 0.174884 0.124099
2 0.353536 0.088409 0.178669 0.098732
7 0.186433 0.885634 0.191475 0.223127
2 0.421575 0.027311 0.086864 0.054338
7 0.453651 0.526918 0.121097 0.103291
2 0.332539 0.039899 0.131598 0.079694
6 0.395357 0.862808 0.145938 0.226357
2 0.343474 0.125552 0.159228 0.081380
6 0.859912 0.686139 0.110670 0.220422
7 0.479926 0.647669 0.115505 0.143900
7 0.947662 0.917159 0.104398 0.164834
7 0.077462 0.839941 0.099307 0.174818
7 0.852262 0.747836 0.085594 0.168003
6 0.951709 0.858539 0.096281 0.231842
7 0.172336 0.236892 0.064314 0.083681
6 0.511088 0.729757 0.130710 0.114563
6 0.347331 0.694607 0.145510 0.111435
6 0.937069 0.668939 0.104232 0.094052
7 0.685603 0.782973 0.159120 0.168526
2 0.904555 0.076890 0.140535 0.100805
6 0.683032 0.749235 0.153843 0.236832
7 0.338834 0.797920 0.131115 0.149610
2 0.942326 0.177779 0.115250 0.119281
6 0.490154 0.251365 0.069603 0.062279
6 0.473117 0.484950 0.113262 0.132957
6 0.326261 0.656170 0.081750 0.079992
6 0.638476 0.536709 0.097000 0.076879
2 0.867672 0.035120 0.117268 0.061477
6 0.069425 0.776605 0.135561 0.252772
6 0.930667 0.774785 0.136183 0.228915
6 0.477803 0.597057 0.119222 0.153608
6 0.471493 0.562908 0.104061 0.085920
6 0.528564 0.801320 0.167019 0.256032
6 0.689630 0.684345 0.138896 0.106023
6 0.477549 0.376375 0.098260 0.113589
6 0.642185 0.649895 0.132454 0.209509
2 0.974858 0.273493 0.046602 0.148147
6 0.194287 0.804627 0.202499 0.219408
6 0.463448 0.460234 0.093418 0.081333
6 0.344490 0.725080 0.152925 0.172832
6 0.410403 0.668887 0.101968 0.195124
6 0.145332 0.669258 0.096292 0.138976
7 0.333983 0.806577 0.099615 0.135887
6 0.471537 0.417707 0.099398 0.080724
6 0.172889 0.214760 0.074081 0.124037
6 0.447440 0.226932 0.059879 0.058457
6 0.477915 0.167384 0.071818 0.059160
7 0.918841 0.817284 0.119452 0.147273
6 0.410218 0.622069 0.103018 0.100437
9 0.850000 0.546687 0.300000 0.213855
9 0.942000 0.173946 0.116000 0.109940
9 0.160000 0.881777 0.120000 0.106928
9 0.345000 0.697289 0.142000 0.117470
