7 0.512950 0.462968 0.875322 0.652461
7 0.524882 0.283804 0.351110 0.293209
2 0.677373 0.049380 0.088991 0.038339
2 0.495481 0.050310 0.039376 0.034837
7 0.768843 0.127444 0.149870 0.124082
2 0.451476 0.062419 0.052248 0.041693
2 0.553480 0.048520 0.044568 0.024411
2 0.516464 0.046520 0.032772 0.033342
2 0.587675 0.047711 0.026104 0.026175
2 0.546502 0.048528 0.033382 0.023085
2 0.864010 0.049223 0.049855 0.035435
7 0.817842 0.094310 0.085318 0.128480
7 0.837292 0.094237 0.044949 0.128352
2 0.560758 0.048832 0.032876 0.023981
2 0.712349 0.043667 0.054841 0.042572
2 0.621794 0.043517 0.033961 0.023784
2 0.756984 0.050405 0.034089 0.024547
2 0.750555 0.051866 0.046539 0.025993
7 0.761899 0.314906 0.234334 0.370503
9 0.169166 0.045000 0.132146 0.090000
9 0.044049 0.034375 0.052484 0.068750
