7 0.672692 0.671033 0.364257 0.549923
6 0.768580 0.397842 0.033888 0.126562
6 0.874364 0.413355 0.042194 0.108946
6 0.836201 0.414817 0.049386 0.106176
6 0.611681 0.414996 0.044986 0.071017
7 0.465222 0.595379 0.212572 0.316607
7 0.236645 0.494634 0.061337 0.145410
7 0.209323 0.473782 0.067291 0.137182
7 0.304164 0.523150 0.130935 0.210633
7 0.362735 0.558727 0.147653 0.255659
7 0.177626 0.459687 0.084114 0.108748
7 0.611550 0.415682 0.044891 0.070605
7 0.144349 0.446451 0.052786 0.077154
7 0.120305 0.436117 0.041353 0.061906
7 0.056260 0.428772 0.023353 0.046147
7 0.171190 0.468660 0.069729 0.092799
7 0.435526 0.587703 0.290311 0.329487
9 0.764211 0.221910 0.324211 0.443820
