6 0.818783 0.191261 0.088442 0.244309
7 0.819057 0.435781 0.219764 0.288977
7 0.615093 0.529207 0.310101 0.387777
7 0.078587 0.763527 0.156458 0.446929
7 0.207369 0.645236 0.400575 0.676937
6 0.602391 0.274028 0.220277 0.212099
7 0.451074 0.582659 0.164500 0.422310
7 0.054504 0.852874 0.108061 0.271062
7 0.390934 0.666228 0.111270 0.384026
7 0.429982 0.614316 0.127126 0.414788
7 0.113029 0.738415 0.223088 0.499193
7 0.113806 0.399218 0.225251 0.244741
6 0.471875 0.279046 0.052471 0.084799
7 0.279638 0.675054 0.249099 0.618160
7 0.579034 0.477222 0.380533 0.493198
7 0.662607 0.216804 0.065529 0.077629
7 0.407355 0.516039 0.230513 0.620771
7 0.052775 0.773327 0.104901 0.433266
9 0.932667 0.255000 0.134667 0.102000
9 0.044000 0.256000 0.077333 0.188000
