2 0.763058 0.456835 0.472677 0.514551
7 0.489132 0.655987 0.632754 0.565136
2 0.342271 0.357344 0.265665 0.230502
2 0.105945 0.387213 0.211512 0.269987
2 0.560531 0.347368 0.190662 0.130372
2 0.475697 0.297617 0.049168 0.060921
6 0.560704 0.247892 0.022665 0.073413
2 0.228175 0.290965 0.058547 0.066047
6 0.537273 0.273799 0.030804 0.038195
2 0.227710 0.307882 0.059070 0.100876
6 0.617311 0.237997 0.019471 0.089387
6 0.593357 0.268248 0.026432 0.036066
9 0.453333 0.654000 0.144000 0.132000
9 0.721333 0.558000 0.125333 0.136000
9 0.580000 0.548000 0.128000 0.128000
9 0.032667 0.347000 0.065333 0.166000
