6 0.507882 0.174955 0.552588 0.292467
7 0.537900 0.290515 0.648074 0.332280
7 0.496222 0.649325 0.756925 0.380203
6 0.508773 0.582388 0.549104 0.461501
6 0.509696 0.509703 0.547982 0.318416
7 0.525212 0.858773 0.465580 0.250714
7 0.432868 0.697514 0.626169 0.213689
7 0.451916 0.703809 0.665361 0.340762
7 0.507440 0.796129 0.497646 0.379224
9 0.805625 0.782349 0.066250 0.042897
9 0.953750 0.788326 0.092500 0.091421
9 0.961250 0.725387 0.077500 0.033052
9 0.766875 0.740155 0.156250 0.068214
9 0.094375 0.701828 0.188750 0.094233
9 0.163750 0.280591 0.327500 0.137834
9 0.955000 0.042897 0.090000 0.085795
