7 0.388976 0.478758 0.777952 0.470851
7 0.325440 0.679607 0.647511 0.574081
7 0.418704 0.297052 0.775787 0.384563
2 0.085969 0.023033 0.170986 0.045672
7 0.537330 0.041805 0.036840 0.047098
7 0.724034 0.168799 0.258788 0.199818
7 0.665361 0.168373 0.385784 0.202411
6 0.535883 0.026069 0.042511 0.049755
7 0.801589 0.142222 0.188607 0.166044
7 0.613426 0.305171 0.397552 0.370464
7 0.269679 0.285235 0.446016 0.133400
9 0.448000 0.726000 0.341333 0.172000
9 0.246667 0.397000 0.493333 0.206000
9 0.646667 0.315000 0.141333 0.142000
