7 0.486281 0.537794 0.725723 0.850215
7 0.114385 0.354483 0.184619 0.259232
6 0.036976 0.332737 0.073495 0.321845
6 0.785100 0.210463 0.057645 0.088176
8 0.302428 0.169827 0.246637 0.074760
7 0.865689 0.305728 0.053802 0.063747
7 0.206181 0.346066 0.086239 0.132572
8 0.006952 0.143638 0.013787 0.021566
7 0.904965 0.312495 0.042120 0.045367
9 0.548005 0.715625 0.198254 0.103750
9 0.649002 0.570000 0.086035 0.125000
9 0.809850 0.343750 0.051122 0.097500
9 0.496883 0.456875 0.547382 0.578750
9 0.052369 0.162500 0.104738 0.057500
