7 0.330696 0.728787 0.659614 0.478278
6 0.423070 0.590127 0.306427 0.408918
9 0.910000 0.950070 0.180000 0.099859
9 0.503125 0.938819 0.368750 0.122363
9 0.821250 0.857947 0.357500 0.229255
9 0.512500 0.673699 0.137500 0.074543
9 0.514375 0.543952 0.153750 0.059775
9 0.252500 0.540436 0.057500 0.052743
9 0.121875 0.521800 0.156250 0.081575
9 0.951875 0.029887 0.096250 0.059775
9 0.147500 0.721167 0.295000 0.103376
9 0.362500 0.176864 0.117500 0.054149
9 0.253750 0.167370 0.067500 0.047820
9 0.648750 0.104079 0.512500 0.208158
