6 0.103670 0.409317 0.103316 0.366910
2 0.714651 0.328546 0.117878 0.125140
7 0.292211 0.681082 0.581182 0.613653
6 0.193977 0.373042 0.047404 0.220838
2 0.782373 0.303433 0.076757 0.084291
6 0.124794 0.253347 0.046869 0.148342
6 0.289842 0.305336 0.052037 0.150529
6 0.520153 0.286046 0.027112 0.088903
7 0.917204 0.304993 0.025403 0.059635
7 0.597049 0.440557 0.181310 0.179333
7 0.377763 0.576520 0.177151 0.264509
6 0.915469 0.290126 0.035355 0.077588
2 0.675285 0.289949 0.086099 0.065947
6 0.641605 0.321489 0.032427 0.072720
7 0.559589 0.584647 0.185512 0.235157
7 0.685087 0.418150 0.081909 0.147418
7 0.291967 0.786230 0.579345 0.404567
6 0.555340 0.293861 0.026821 0.100079
6 0.055186 0.259701 0.026502 0.154171
6 0.553420 0.282039 0.019783 0.076229
6 0.013005 0.480241 0.025861 0.043777
7 0.374666 0.523538 0.171331 0.366413
7 0.577073 0.482647 0.217992 0.250264
9 0.913651 0.133721 0.172697 0.267442
9 0.685855 0.125581 0.348684 0.251163
9 0.414474 0.148837 0.177632 0.297674
9 0.037007 0.908140 0.074013 0.183721
9 0.276316 0.131395 0.131579 0.146512
9 0.117599 0.095349 0.156250 0.181395
