7 0.680577 0.479642 0.633618 0.526014
2 0.026888 0.360795 0.053500 0.049199
7 0.424498 0.492808 0.202150 0.376749
2 0.014841 0.410651 0.029479 0.125330
7 0.256253 0.422289 0.113606 0.181458
7 0.287886 0.469482 0.096812 0.205986
7 0.359848 0.468672 0.122328 0.303573
7 0.226880 0.410015 0.097162 0.127388
7 0.329860 0.451910 0.174381 0.257166
7 0.352894 0.535163 0.106167 0.170434
7 0.214815 0.385147 0.108157 0.112536
2 0.011524 0.327203 0.022792 0.024294
7 0.250604 0.442890 0.103500 0.140638
7 0.177060 0.374076 0.041411 0.061144
7 0.163087 0.370857 0.034906 0.057437
7 0.498796 0.450584 0.359002 0.457040
7 0.204259 0.373577 0.090955 0.082279
9 0.391683 0.686000 0.210832 0.196000
9 0.243714 0.553000 0.135397 0.222000
9 0.895551 0.139000 0.208897 0.278000
9 0.172147 0.147000 0.344294 0.294000
