7 0.409955 0.530177 0.271692 0.701143
6 0.402982 0.411936 0.261049 0.621542
2 0.941234 0.716284 0.077944 0.185215
2 0.688241 0.706405 0.162905 0.206670
2 0.866222 0.722665 0.121585 0.168805
2 0.972760 0.704943 0.053553 0.209933
2 0.022714 0.708269 0.045177 0.170777
6 0.132766 0.737361 0.032398 0.131043
2 0.082104 0.734414 0.075121 0.132717
2 0.884710 0.728717 0.082420 0.160687
2 0.841996 0.721780 0.075200 0.167845
6 0.056142 0.731806 0.031869 0.143091
6 0.154512 0.736762 0.031648 0.127506
9 0.939429 0.892000 0.121143 0.156000
9 0.939429 0.295000 0.121143 0.262000
9 0.941143 0.052000 0.094857 0.104000
