6 0.534301 0.470962 0.023141 0.058298
6 0.371010 0.472464 0.026573 0.032932
2 0.133320 0.447098 0.035972 0.026437
2 0.030589 0.474674 0.060840 0.072155
2 0.022445 0.438958 0.044781 0.029594
2 0.089049 0.445103 0.056376 0.017671
2 0.167950 0.445255 0.023580 0.015352
2 0.030529 0.493949 0.060472 0.102114
2 0.979966 0.455716 0.039596 0.025210
2 0.059652 0.444574 0.040758 0.017260
2 0.024463 0.885962 0.048298 0.120719
6 0.240835 0.458060 0.018657 0.049760
2 0.010381 0.571523 0.020653 0.100921
6 0.642742 0.456793 0.015714 0.029250
