6 0.458861 0.569564 0.168538 0.661957
2 0.622085 0.284678 0.073129 0.088713
2 0.051885 0.314185 0.103495 0.128392
7 0.459883 0.627752 0.531939 0.507293
2 0.846937 0.266734 0.041577 0.049561
2 0.570225 0.264113 0.042273 0.061156
2 0.892556 0.270182 0.054357 0.052825
2 0.525377 0.254467 0.031804 0.041514
2 0.371555 0.268648 0.045952 0.054225
2 0.130128 0.304561 0.063379 0.087731
7 0.178746 0.323724 0.029444 0.081757
2 0.737017 0.254689 0.069527 0.051376
6 0.183013 0.297573 0.041683 0.112473
2 0.798899 0.262929 0.047730 0.050382
2 0.337141 0.280262 0.035847 0.053025
2 0.227221 0.290419 0.051421 0.061209
2 0.763749 0.261719 0.039453 0.050385
2 0.979908 0.273751 0.039322 0.058781
2 0.954453 0.269789 0.048165 0.070908
6 0.485947 0.254213 0.020098 0.038181
2 0.700243 0.251214 0.028039 0.039751
2 0.957404 0.261999 0.043534 0.055199
2 0.939014 0.276858 0.038904 0.055932
2 0.945010 0.273701 0.051703 0.058866
2 0.969413 0.270936 0.053938 0.069038
2 0.547099 0.253587 0.019265 0.036962
2 0.402266 0.246353 0.027742 0.022190
7 0.173628 0.322042 0.045027 0.080608
9 0.970833 0.184606 0.058333 0.106383
