7 0.614836 0.528951 0.134968 0.317686
2 0.907645 0.357739 0.066622 0.082929
7 0.696708 0.477200 0.128058 0.233794
7 0.104691 0.528356 0.198610 0.412307
7 0.398343 0.633994 0.423424 0.618680
7 0.984496 0.411547 0.030180 0.086779
7 0.463200 0.509522 0.285047 0.445287
7 0.817616 0.400714 0.075876 0.114990
7 0.770616 0.437418 0.076497 0.161661
7 0.286343 0.553113 0.200040 0.446859
7 0.721279 0.431889 0.175075 0.172318
6 0.133508 0.258995 0.010585 0.037534
7 0.855384 0.388597 0.045996 0.082236
2 0.982175 0.361698 0.034884 0.051851
7 0.459876 0.627575 0.295045 0.627174
2 0.073066 0.265214 0.027284 0.025136
9 0.192667 0.624000 0.385333 0.752000
9 0.784667 0.168000 0.430667 0.336000
9 0.072667 0.132000 0.145333 0.264000
