7 0.418822 0.485391 0.829432 0.970782
6 0.888151 0.496897 0.222653 0.985992
7 0.386095 0.085936 0.103887 0.168479
7 0.468800 0.058970 0.082696 0.117051
6 0.951077 0.763841 0.096610 0.447019
7 0.112437 0.079176 0.102452 0.155993
7 0.887315 0.096396 0.223476 0.183588
7 0.949498 0.124537 0.096109 0.131311
7 0.296624 0.079964 0.086999 0.156368
7 0.017655 0.078102 0.035089 0.150888
7 0.197037 0.080313 0.090117 0.157303
6 0.889848 0.048307 0.219179 0.092992
7 0.032790 0.076802 0.064958 0.153114
7 0.150726 0.080943 0.168254 0.156917
7 0.993299 0.114854 0.012681 0.126107
