7 0.675001 0.677570 0.492819 0.641895
7 0.370412 0.428013 0.114373 0.173306
2 0.332707 0.320263 0.080574 0.043861
2 0.226756 0.306235 0.030649 0.023742
7 0.468245 0.469469 0.192271 0.271776
2 0.247946 0.305241 0.022310 0.019295
2 0.332824 0.330075 0.080219 0.062885
9 0.569375 0.665811 0.103750 0.077002
9 0.583125 0.543121 0.101250 0.147844
9 0.941250 0.427105 0.117500 0.049281
9 0.561875 0.393737 0.081250 0.058522
9 0.745000 0.358830 0.075000 0.062628
9 0.887500 0.355236 0.160000 0.131417
9 0.315625 0.147844 0.228750 0.295688
9 0.341875 0.858316 0.483750 0.283368
9 0.956250 0.738706 0.087500 0.116016
9 0.731875 0.589322 0.243750 0.180698
9 0.474375 0.383984 0.153750 0.151951
9 0.331250 0.333162 0.082500 0.097536
