2 0.145015 0.228800 0.123962 0.139594
2 0.520319 0.225516 0.081442 0.083603
7 0.600278 0.441901 0.242665 0.365137
2 0.889915 0.266972 0.216654 0.109842
2 0.081802 0.193159 0.090911 0.097565
2 0.744766 0.226539 0.075441 0.078005
2 0.450627 0.196178 0.046930 0.063160
7 0.925389 0.356008 0.066871 0.164878
2 0.448692 0.238022 0.044191 0.128077
7 0.542756 0.596944 0.070808 0.200511
7 0.689013 0.418219 0.189239 0.267271
2 0.401004 0.234874 0.140368 0.131081
7 0.781530 0.374232 0.173301 0.254012
2 0.890077 0.295448 0.219102 0.165961
7 0.826651 0.366148 0.158447 0.202377
7 0.773994 0.435613 0.099080 0.180315
7 0.804841 0.392161 0.122138 0.210840
7 0.716149 0.400640 0.211980 0.277688
7 0.894514 0.364604 0.075378 0.167295
7 0.911674 0.358315 0.086870 0.169005
7 0.753958 0.397050 0.141031 0.249489
7 0.858045 0.376947 0.093618 0.201168
7 0.744333 0.476062 0.079005 0.147488
7 0.880854 0.376597 0.053892 0.181188
7 0.635072 0.502833 0.170733 0.243331
9 0.071333 0.421000 0.142667 0.190000
9 0.908000 0.107000 0.184000 0.214000
9 0.628667 0.174000 0.209333 0.348000
9 0.380000 0.043000 0.104000 0.086000
