7 0.105235 0.778165 0.194306 0.364621
7 0.226288 0.684015 0.102348 0.227879
7 0.604907 0.669813 0.111496 0.224110
7 0.397450 0.679099 0.107993 0.215094
6 0.968529 0.585469 0.055134 0.193022
6 0.127818 0.687651 0.175042 0.334082
7 0.832661 0.772419 0.204747 0.415204
7 0.688988 0.599632 0.061960 0.118036
6 0.218014 0.560593 0.081307 0.102238
7 0.448923 0.615796 0.044860 0.116788
6 0.604944 0.558739 0.080950 0.087413
7 0.282902 0.620470 0.073462 0.184405
6 0.399298 0.559013 0.070059 0.103322
6 0.179765 0.536093 0.030839 0.108187
6 0.405291 0.617064 0.086966 0.218533
6 0.225790 0.616621 0.095828 0.211702
6 0.833544 0.722354 0.196348 0.322832
6 0.785303 0.550379 0.040839 0.093645
6 0.902530 0.552076 0.031256 0.125491
7 0.749145 0.606363 0.033680 0.091966
6 0.601854 0.617545 0.115084 0.215980
7 0.487591 0.657151 0.953727 0.288943
2 0.044985 0.533889 0.055397 0.117527
6 0.571969 0.531692 0.050511 0.099458
6 0.994138 0.547503 0.011016 0.124730
6 0.244164 0.515465 0.020004 0.075471
6 0.821609 0.546760 0.036069 0.048886
7 0.332171 0.580256 0.035470 0.084000
6 0.762658 0.534344 0.032355 0.083971
6 0.277042 0.530112 0.055617 0.068670
9 0.563333 0.347000 0.140000 0.202000
9 0.778000 0.266000 0.444000 0.464000
