2 0.561816 0.730238 0.166795 0.105728
2 0.239453 0.839540 0.156217 0.097752
2 0.899700 0.752693 0.199442 0.432310
6 0.876549 0.623230 0.027931 0.077375
7 0.755812 0.797846 0.123289 0.193713
7 0.427661 0.909292 0.147987 0.180938
7 0.667176 0.826128 0.124969 0.214864
2 0.103683 0.936897 0.206230 0.125519
2 0.335920 0.784513 0.033071 0.033785
7 0.442685 0.744751 0.027548 0.036363
7 0.259198 0.920861 0.176619 0.158275
7 0.175517 0.919105 0.343983 0.161790
9 0.939280 0.880000 0.091454 0.160000
9 0.460270 0.858000 0.125937 0.164000
