7 0.566236 0.813600 0.175585 0.360958
7 0.471256 0.767673 0.194468 0.318371
7 0.308073 0.694119 0.123714 0.285321
7 0.740072 0.481268 0.084314 0.137730
7 0.166247 0.611655 0.106523 0.234968
7 0.815101 0.850108 0.260572 0.292443
7 0.572789 0.584889 0.118520 0.201228
7 0.372771 0.726562 0.120880 0.296126
7 0.047999 0.560387 0.094278 0.157100
7 0.259921 0.662613 0.141745 0.258913
7 0.121023 0.605624 0.081230 0.190409
7 0.203598 0.655225 0.103125 0.206708
7 0.131634 0.448644 0.065840 0.105669
7 0.938795 0.416734 0.055803 0.068283
7 0.834686 0.789823 0.266642 0.296847
7 0.875034 0.621957 0.213674 0.228489
7 0.213158 0.634774 0.125444 0.243569
7 0.877467 0.690503 0.208503 0.205042
6 0.781907 0.390035 0.021687 0.142264
7 0.441056 0.761759 0.134715 0.323680
7 0.981701 0.422793 0.035000 0.064908
7 0.871430 0.723668 0.196577 0.167816
7 0.405508 0.715784 0.187606 0.313606
7 0.088574 0.590090 0.064411 0.183208
7 0.872761 0.408912 0.026517 0.060447
7 0.845574 0.488659 0.054173 0.101954
7 0.901177 0.408456 0.025104 0.071600
7 0.873698 0.570162 0.154984 0.135188
7 0.442981 0.518326 0.097402 0.151121
7 0.871656 0.657370 0.207808 0.127669
7 0.825666 0.741961 0.289609 0.239658
7 0.240029 0.680247 0.100714 0.214597
7 0.355037 0.512584 0.092808 0.139559
7 0.838402 0.405880 0.023113 0.057590
7 0.975237 0.420132 0.043460 0.066385
7 0.842719 0.505994 0.061054 0.130966
9 0.831081 0.217000 0.112613 0.154000
