7 0.441480 0.617570 0.432620 0.392500
6 0.379548 0.454802 0.169589 0.411585
6 0.472919 0.496247 0.165557 0.443089
2 0.041702 0.514889 0.082859 0.240230
6 0.430865 0.482335 0.248874 0.459987
9 0.723750 0.187500 0.220833 0.290000
9 0.888333 0.080000 0.093333 0.090000
9 0.592500 0.035000 0.083333 0.070000
9 0.470000 0.155625 0.170000 0.311250
9 0.241250 0.124375 0.225833 0.248750
9 0.046250 0.046875 0.077500 0.093750
9 0.434583 0.586875 0.085833 0.146250
9 0.061250 0.483750 0.062500 0.062500
9 0.325000 0.414375 0.086667 0.116250
