7 0.679948 0.722768 0.471765 0.506250
2 0.140767 0.474371 0.052557 0.064806
7 0.354773 0.570735 0.115804 0.225324
6 0.854302 0.362474 0.062756 0.186886
6 0.610559 0.414252 0.030983 0.074418
7 0.280712 0.515625 0.053754 0.097718
7 0.259286 0.501352 0.044262 0.081031
7 0.487572 0.645028 0.165229 0.412307
7 0.233644 0.488566 0.032854 0.076712
8 0.431001 0.390278 0.053464 0.033832
7 0.310353 0.518776 0.064945 0.126470
7 0.392000 0.629045 0.105074 0.226051
7 0.530630 0.499745 0.385971 0.483003
7 0.312550 0.548761 0.063691 0.187659
7 0.564453 0.554876 0.345395 0.597748
6 0.349534 0.443873 0.022333 0.040666
9 0.259333 0.244000 0.518667 0.488000
9 0.348000 0.555000 0.090667 0.194000
9 0.491333 0.203000 0.108000 0.186000
9 0.654667 0.138000 0.184000 0.276000
