7 0.506756 0.737016 0.951285 0.524305
2 0.799807 0.377392 0.398965 0.287484
6 0.425313 0.598168 0.354597 0.799771
7 0.043283 0.461299 0.086070 0.091546
7 0.103414 0.446030 0.054693 0.059447
7 0.418374 0.394438 0.385399 0.376249
2 0.565522 0.365750 0.089212 0.134513
7 0.428236 0.482261 0.410761 0.187757
7 0.141868 0.439090 0.043601 0.050035
7 0.146317 0.429454 0.051706 0.069605
7 0.311407 0.422631 0.043849 0.069576
7 0.172651 0.420913 0.064042 0.066408
9 0.936739 0.895625 0.126523 0.208750
9 0.193533 0.100000 0.072165 0.060000
9 0.156045 0.755000 0.312090 0.490000
9 0.611528 0.722500 0.776945 0.555000
9 0.045455 0.414375 0.090909 0.148750
9 0.068885 0.177500 0.104030 0.165000
