7 0.452177 0.493076 0.839934 0.697584
7 0.931559 0.404437 0.136031 0.124622
6 0.667723 0.391400 0.174103 0.330899
7 0.065639 0.480005 0.130549 0.265846
7 0.157403 0.454528 0.313072 0.313226
7 0.204323 0.438526 0.225772 0.276005
6 0.651174 0.293627 0.148013 0.133623
9 0.154375 0.788660 0.111250 0.096532
9 0.960000 0.289128 0.080000 0.115276
9 0.036250 0.154639 0.072500 0.048735
9 0.700000 0.453140 0.072500 0.087160
9 0.064375 0.461106 0.128750 0.121837
9 0.104375 0.285380 0.153750 0.208997
9 0.093750 0.040300 0.165000 0.080600
