6 0.746983 0.529218 0.173363 0.796918
2 0.261972 0.262145 0.198430 0.196134
6 0.626918 0.427312 0.127814 0.580515
7 0.515342 0.633193 0.218607 0.713381
6 0.418702 0.345262 0.073663 0.336660
7 0.353042 0.419571 0.121077 0.304734
2 0.391495 0.177789 0.090064 0.111105
2 0.682626 0.150228 0.058960 0.047802
2 0.581228 0.171131 0.104701 0.112526
6 0.498799 0.220648 0.054748 0.192357
6 0.453982 0.184749 0.059285 0.122243
7 0.469921 0.259870 0.068356 0.142995
6 0.452469 0.166273 0.056313 0.084148
6 0.516362 0.224182 0.024571 0.177827
2 0.661066 0.178712 0.043114 0.079175
6 0.304420 0.212081 0.021003 0.040748
