2 0.036583 0.298752 0.073167 0.102780
2 0.383339 0.264289 0.068862 0.077925
7 0.522965 0.673607 0.641856 0.628862
2 0.509301 0.258833 0.062714 0.074133
7 0.199531 0.774997 0.240191 0.387676
2 0.261694 0.268090 0.055498 0.077778
2 0.211695 0.275719 0.071661 0.087201
2 0.646314 0.275123 0.081703 0.091746
2 0.707105 0.243815 0.068803 0.052074
7 0.935005 0.731393 0.129182 0.405396
2 0.555152 0.240726 0.042915 0.049796
2 0.151712 0.289218 0.055459 0.075584
2 0.302681 0.269903 0.039419 0.066593
2 0.081461 0.305077 0.033900 0.068765
7 0.329116 0.667717 0.494612 0.611110
2 0.160606 0.287817 0.037450 0.076708
7 0.683229 0.866446 0.326523 0.243534
2 0.124412 0.290715 0.063820 0.076236
7 0.792382 0.560897 0.150631 0.281732
2 0.645795 0.258647 0.080082 0.059438
2 0.139828 0.292571 0.033556 0.068373
9 0.276000 0.923513 0.200000 0.152975
9 0.727000 0.415014 0.334000 0.830028
9 0.278000 0.120397 0.188000 0.240793
