6 0.529240 0.545365 0.324270 0.494113
2 0.194989 0.510586 0.388058 0.201917
7 0.483433 0.626079 0.626730 0.341131
2 0.872572 0.441635 0.107452 0.023623
2 0.741993 0.443840 0.052288 0.021909
2 0.592782 0.448144 0.056936 0.017197
2 0.792470 0.442346 0.062960 0.023070
2 0.654325 0.446379 0.047647 0.019472
2 0.691723 0.446293 0.043586 0.018709
2 0.664688 0.445683 0.067492 0.020807
2 0.316376 0.455374 0.034147 0.013105
2 0.699350 0.446631 0.038017 0.017347
2 0.316280 0.458023 0.035623 0.018206
9 0.876875 0.408708 0.128750 0.058989
9 0.635625 0.742978 0.111250 0.090824
9 0.509375 0.433521 0.108750 0.061798
