7 0.749146 0.499949 0.499157 0.978321
7 0.448875 0.607553 0.165182 0.495290
7 0.590924 0.525646 0.283604 0.844254
7 0.366578 0.410308 0.135258 0.304097
7 0.380994 0.517658 0.146542 0.343272
7 0.421091 0.437892 0.209141 0.516798
7 0.570399 0.667876 0.250341 0.581177
7 0.492965 0.527902 0.260039 0.661987
7 0.402766 0.575881 0.106606 0.338261
7 0.319128 0.431077 0.090649 0.226176
7 0.323304 0.469176 0.081137 0.175579
7 0.335037 0.476372 0.081252 0.171049
7 0.535333 0.647712 0.189737 0.592367
7 0.399049 0.634725 0.103214 0.218256
7 0.294111 0.447219 0.063128 0.154954
9 0.865333 0.629000 0.237333 0.470000
9 0.468000 0.212000 0.072000 0.132000
9 0.892667 0.103000 0.124000 0.206000
9 0.238667 0.328000 0.477333 0.656000
9 0.618667 0.637000 0.146667 0.154000
