7 0.548802 0.534302 0.837113 0.878627
6 0.865618 0.247133 0.137843 0.488713
6 0.126244 0.201566 0.063696 0.402738
6 0.177230 0.199780 0.070967 0.395818
6 0.369923 0.063690 0.101370 0.126398
6 0.966637 0.321649 0.065839 0.629237
6 0.761815 0.235683 0.103126 0.467076
6 0.637041 0.249085 0.130199 0.495243
6 0.238093 0.104355 0.082095 0.207117
6 0.295351 0.090504 0.061881 0.180429
6 0.456301 0.080129 0.081280 0.159892
6 0.022573 0.197641 0.045074 0.350185
6 0.090070 0.192049 0.049219 0.384098
6 0.054479 0.189006 0.068318 0.372595
6 0.456062 0.124567 0.082491 0.248960
6 0.517298 0.104724 0.067369 0.208948
6 0.238262 0.193335 0.082010 0.382781
6 0.543709 0.104164 0.042567 0.206102
6 0.088476 0.096049 0.042976 0.189789
6 0.593779 0.157060 0.075339 0.312023
9 0.903262 0.418000 0.166479 0.156000
9 0.769966 0.169000 0.079865 0.234000
9 0.069741 0.097000 0.139483 0.194000
