7 0.518137 0.688364 0.952738 0.619747
6 0.386965 0.509338 0.545050 0.599960
7 0.142217 0.468003 0.139911 0.069609
7 0.062254 0.459678 0.124508 0.080278
7 0.037705 0.461577 0.075410 0.076679
6 0.175822 0.448522 0.054557 0.054737
6 0.134794 0.434982 0.031292 0.030876
6 0.335001 0.431432 0.030540 0.034403
6 0.175609 0.440165 0.052829 0.036749
6 0.081751 0.386941 0.076504 0.114462
6 0.214751 0.442232 0.027176 0.027650
9 0.210625 0.680833 0.091250 0.073333
9 0.371250 0.558333 0.062500 0.065000
9 0.513750 0.475833 0.187500 0.080000
9 0.869375 0.444583 0.098750 0.045833
9 0.076250 0.387083 0.087500 0.109167
9 0.585000 0.378750 0.135000 0.117500
