7 0.514467 0.336087 0.381452 0.224900
7 0.065030 0.377346 0.129234 0.131518
6 0.968821 0.178001 0.061300 0.131610
6 0.917793 0.153328 0.042237 0.076226
7 0.110949 0.311442 0.219795 0.177641
6 0.253704 0.095256 0.051300 0.062406
8 0.195458 0.077346 0.345351 0.154140
7 0.967271 0.219425 0.064250 0.120743
7 0.638321 0.293151 0.284322 0.233290
6 0.879310 0.156243 0.043783 0.072704
8 0.194365 0.037011 0.343982 0.073605
7 0.878009 0.177807 0.048058 0.045480
6 0.251833 0.114021 0.056431 0.099592
6 0.468081 0.113061 0.022673 0.054172
7 0.155178 0.225110 0.211743 0.130321
6 0.550903 0.141233 0.049129 0.067212
7 0.988667 0.230371 0.021780 0.101210
7 0.267991 0.333603 0.160989 0.150762
6 0.882526 0.141429 0.036345 0.042464
7 0.338160 0.297471 0.304262 0.220393
6 0.951991 0.163823 0.047341 0.111422
6 0.957256 0.135030 0.042523 0.054297
7 0.742636 0.278993 0.201673 0.224111
9 0.544000 0.059000 0.234667 0.106000
