7 0.503103 0.529115 0.860833 0.823717
6 0.924615 0.305414 0.137254 0.610828
6 0.777030 0.220968 0.122602 0.441098
6 0.096999 0.265768 0.084802 0.406845
6 0.154981 0.212664 0.093891 0.423095
6 0.047353 0.233499 0.069972 0.453375
6 0.306176 0.070506 0.085185 0.141012
6 0.218415 0.112393 0.056218 0.213463
6 0.680211 0.247208 0.103534 0.492808
6 0.411921 0.099363 0.130717 0.196884
6 0.446397 0.102068 0.062963 0.197176
6 0.349016 0.068255 0.037480 0.133469
6 0.519513 0.118625 0.072355 0.234907
6 0.010836 0.146303 0.021534 0.179891
6 0.679703 0.113788 0.099556 0.225984
6 0.015290 0.241234 0.030563 0.403995
6 0.590142 0.071447 0.091738 0.142516
6 0.606955 0.071763 0.059968 0.142092
6 0.521844 0.061931 0.068130 0.121508
6 0.261283 0.116082 0.062671 0.148998
7 0.618846 0.309803 0.239357 0.413093
6 0.268552 0.092605 0.050133 0.099229
9 0.820625 0.414000 0.153750 0.128000
