7 0.368190 0.754775 0.155390 0.341099
2 0.468753 0.613802 0.114148 0.177118
2 0.861405 0.570283 0.092670 0.089702
6 0.691317 0.612369 0.109344 0.280080
7 0.690463 0.713859 0.109379 0.266165
6 0.132599 0.619829 0.043346 0.254422
6 0.785830 0.612223 0.087382 0.225328
6 0.191774 0.592752 0.035963 0.199510
7 0.783867 0.687325 0.080016 0.210436
6 0.588026 0.582092 0.052909 0.145922
6 0.370123 0.638244 0.148675 0.362883
6 0.756834 0.545464 0.035869 0.082782
7 0.588618 0.632611 0.033065 0.091027
6 0.530330 0.594651 0.030368 0.154083
6 0.635980 0.547912 0.038948 0.087143
6 0.641047 0.552037 0.048409 0.103557
7 0.635244 0.629664 0.029210 0.103778
6 0.536438 0.590309 0.040402 0.146799
7 0.617230 0.625185 0.027693 0.095740
6 0.635940 0.569209 0.039030 0.134834
