7 0.498894 0.626366 0.995816 0.291866
6 0.474983 0.536163 0.429808 0.330697
9 0.833750 0.982166 0.107500 0.035669
9 0.518125 0.978981 0.088750 0.042038
9 0.860000 0.898726 0.160000 0.044586
9 0.094375 0.898089 0.153750 0.057325
9 0.361875 0.580892 0.141250 0.044586
9 0.942500 0.546815 0.115000 0.043949
9 0.075625 0.545860 0.151250 0.057325
9 0.455000 0.529299 0.085000 0.035669
9 0.032500 0.421019 0.065000 0.049682
9 0.500000 0.265605 1.000000 0.531210
9 0.818125 0.714013 0.171250 0.087898
9 0.111875 0.697452 0.168750 0.110828
9 0.203125 0.550318 0.211250 0.094268
9 0.666250 0.621975 0.532500 0.238854
9 0.855625 0.384395 0.163750 0.042675
