6 0.749726 0.658601 0.194931 0.356975
2 0.676959 0.549470 0.107791 0.069114
6 0.381665 0.634044 0.110670 0.284304
6 0.857171 0.872687 0.215543 0.183624
2 0.495686 0.524438 0.044843 0.039114
7 0.789856 0.765931 0.304609 0.376544
7 0.404866 0.721228 0.093157 0.240304
2 0.443715 0.521549 0.038707 0.045475
6 0.718968 0.535314 0.104573 0.160525
7 0.270630 0.533972 0.015107 0.037876
6 0.270546 0.532084 0.015169 0.041846
2 0.414775 0.518016 0.016228 0.017725
6 0.115538 0.516682 0.014607 0.048696
6 0.750329 0.534571 0.042563 0.161982
2 0.049157 0.727183 0.026709 0.089303
2 0.417661 0.517653 0.020776 0.020940
7 0.390148 0.715178 0.123632 0.259138
9 0.186416 0.282000 0.300578 0.496000
