7 0.508022 0.546121 0.949212 0.870837
6 0.888613 0.308710 0.142489 0.616337
6 0.344341 0.092125 0.120844 0.182210
6 0.083255 0.264709 0.133306 0.455874
6 0.543523 0.175025 0.136338 0.350036
6 0.437587 0.107338 0.092725 0.212337
6 0.181953 0.145498 0.109251 0.288417
6 0.964790 0.238690 0.069536 0.476523
6 0.276062 0.095413 0.056908 0.187770
6 0.107476 0.248059 0.085455 0.487893
6 0.667541 0.103940 0.118634 0.206966
6 0.227348 0.121940 0.060485 0.242514
6 0.674185 0.300931 0.136622 0.596823
6 0.765220 0.103931 0.027533 0.110864
6 0.669391 0.511695 0.073080 0.173457
6 0.026033 0.250294 0.051826 0.403860
6 0.105686 0.131974 0.080181 0.263439
6 0.947497 0.238914 0.104522 0.475295
9 0.683750 0.700000 0.227500 0.264000
9 0.096875 0.239000 0.193750 0.158000
