8 0.619551 0.812343 0.087848 0.077876
8 0.709157 0.812949 0.080494 0.068732
6 0.958288 0.773040 0.042264 0.082166
8 0.692975 0.750468 0.111482 0.037557
8 0.158239 0.834433 0.144228 0.082378
8 0.295635 0.742144 0.148384 0.039052
8 0.299123 0.675412 0.144756 0.073947
8 0.294689 0.755414 0.149295 0.066850
8 0.158125 0.814210 0.145159 0.039464
8 0.304587 0.825308 0.130228 0.077365
8 0.159773 0.753114 0.144582 0.078516
8 0.307151 0.805900 0.124997 0.037621
8 0.163303 0.656541 0.151675 0.048114
8 0.159802 0.735412 0.145303 0.033647
8 0.300078 0.658932 0.141980 0.037349
8 0.163973 0.669443 0.150812 0.077172
9 0.933750 0.535145 0.132500 0.146204
9 0.458125 0.859888 0.098750 0.070291
9 0.478750 0.752109 0.140000 0.165886
9 0.163750 0.671509 0.152500 0.083411
9 0.473750 0.607310 0.130000 0.067479
9 0.963750 0.264761 0.072500 0.049672
