2 0.198804 0.614921 0.397607 0.180258
2 0.753235 0.629523 0.215926 0.100940
2 0.615867 0.634415 0.069491 0.055138
2 0.454162 0.628115 0.218120 0.089192
2 0.902254 0.642401 0.042423 0.018826
2 0.559669 0.634533 0.062598 0.042117
2 0.944556 0.639573 0.051055 0.026479
2 0.864348 0.626792 0.038405 0.042040
2 0.406868 0.629557 0.141708 0.088554
9 0.165625 0.803333 0.318750 0.170000
9 0.490000 0.730417 0.090000 0.114167
9 0.099375 0.963750 0.126250 0.059167
9 0.733750 0.923333 0.205000 0.141667
9 0.392500 0.750417 0.105000 0.124167
9 0.765000 0.767500 0.150000 0.161667
9 0.616875 0.730000 0.153750 0.115000
9 0.326250 0.524167 0.110000 0.050000
9 0.658750 0.536667 0.332500 0.200000
