6 0.600960 0.761935 0.238928 0.474687
6 0.076080 0.569121 0.064301 0.168931
8 0.076233 0.468285 0.117744 0.040636
8 0.565391 0.449260 0.466848 0.168118
6 0.774113 0.555517 0.047134 0.110173
6 0.441734 0.565487 0.045932 0.119933
8 0.245831 0.460387 0.074605 0.027531
6 0.244347 0.520968 0.034334 0.098654
2 0.285388 0.521497 0.073731 0.092358
2 0.259747 0.522021 0.124190 0.092534
8 0.325179 0.449185 0.092248 0.032507
6 0.683439 0.556697 0.034713 0.063464
2 0.380572 0.523992 0.065863 0.046732
2 0.367466 0.509849 0.090364 0.076318
2 0.324520 0.511543 0.056579 0.079646
