6 0.163782 0.879449 0.155012 0.236997
8 0.614243 0.349839 0.614022 0.458139
8 0.211575 0.718189 0.300385 0.153334
6 0.380457 0.864372 0.137886 0.266952
6 0.617683 0.690495 0.338288 0.597601
8 0.885945 0.671700 0.226389 0.153579
6 0.854908 0.868545 0.129703 0.260591
8 0.372005 0.787589 0.283209 0.246159
8 0.886117 0.752277 0.226491 0.315253
6 0.848328 0.833634 0.104180 0.189690
8 0.400084 0.696954 0.156079 0.065526
6 0.665529 0.697009 0.240900 0.582351
8 0.416194 0.757401 0.186587 0.175224
9 0.469333 0.500000 0.938667 1.000000
9 0.150000 0.890000 0.118667 0.220000
9 0.632667 0.426000 0.566667 0.488000
