8 0.681163 0.736129 0.390032 0.452957
8 0.361310 0.775012 0.279281 0.301129
8 0.458795 0.905067 0.313186 0.181954
8 0.917229 0.919666 0.164930 0.156768
8 0.931186 0.740860 0.137127 0.129861
8 0.158591 0.852335 0.294358 0.199495
8 0.862841 0.607250 0.120860 0.092182
8 0.052868 0.725532 0.105433 0.133948
8 0.949133 0.656817 0.101258 0.080064
8 0.227943 0.327490 0.147669 0.199451
8 0.320687 0.621752 0.154364 0.102251
8 0.141395 0.879677 0.282165 0.229647
8 0.926938 0.816600 0.145738 0.103866
8 0.200687 0.652224 0.177904 0.118263
8 0.464849 0.603043 0.116480 0.107894
8 0.978691 0.657134 0.042066 0.074981
8 0.412248 0.578457 0.087352 0.079094
9 0.580132 0.644000 0.188079 0.236000
9 0.690066 0.777000 0.333775 0.370000
