8 0.686845 0.714698 0.422525 0.502647
8 0.145808 0.856952 0.291083 0.270554
8 0.354813 0.731278 0.292551 0.343209
8 0.941545 0.669905 0.115984 0.243950
8 0.149430 0.643351 0.298861 0.240339
8 0.452274 0.884235 0.333625 0.224703
8 0.407573 0.532344 0.318613 0.155022
8 0.084156 0.502238 0.168313 0.082336
8 0.863478 0.516403 0.158599 0.107416
8 0.627160 0.474324 0.234510 0.089875
8 0.971360 0.472360 0.056532 0.089610
8 0.227146 0.480960 0.222493 0.095129
8 0.899376 0.868666 0.200808 0.252597
8 0.935182 0.486415 0.128579 0.119256
8 0.588722 0.474318 0.155401 0.091604
8 0.828122 0.867066 0.342823 0.254194
9 0.562914 0.643000 0.185430 0.318000
9 0.717219 0.760000 0.358940 0.412000
