8 0.102221 0.623294 0.145678 0.743528
8 0.756245 0.637313 0.121333 0.713793
8 0.946651 0.685578 0.105680 0.597776
8 0.223832 0.666434 0.101145 0.478915
8 0.323141 0.703343 0.112181 0.579466
8 0.626972 0.680788 0.133084 0.628821
8 0.673275 0.666368 0.063306 0.479091
8 0.530052 0.644527 0.078158 0.423779
8 0.507644 0.602745 0.036250 0.322552
8 0.016513 0.712648 0.032848 0.394105
8 0.982913 0.532466 0.030481 0.220427
8 0.709317 0.582615 0.034759 0.298779
8 0.708755 0.644437 0.034917 0.424029
8 0.282628 0.640382 0.041523 0.408130
8 0.539420 0.612155 0.048030 0.362422
8 0.527071 0.715237 0.081765 0.556333
8 0.983395 0.609744 0.031077 0.377259
