2 0.584980 0.573542 0.287326 0.088505
6 0.879712 0.576591 0.087167 0.113642
6 0.949048 0.577731 0.096952 0.118561
8 0.913893 0.510232 0.172215 0.023272
2 0.445621 0.545624 0.186846 0.054717
6 0.580536 0.598529 0.150016 0.122054
2 0.634215 0.519894 0.073384 0.017493
7 0.560264 0.665709 0.134322 0.080270
2 0.809096 0.535726 0.061431 0.028661
2 0.795853 0.535009 0.085144 0.029972
2 0.776469 0.517380 0.061761 0.014906
2 0.807494 0.538742 0.050910 0.022462
2 0.708394 0.520369 0.060089 0.014453
2 0.772578 0.536940 0.048800 0.027732
2 0.791940 0.530197 0.095241 0.037686
6 0.578382 0.582368 0.143602 0.088301
9 0.209375 0.918046 0.086250 0.032561
9 0.299375 0.894868 0.121250 0.053532
9 0.060625 0.901490 0.121250 0.087748
9 0.904375 0.825607 0.123750 0.043046
9 0.176250 0.782285 0.072500 0.042494
9 0.949375 0.640177 0.073750 0.045254
9 0.953125 0.502483 0.073750 0.038079
9 0.725000 0.474338 0.130000 0.044702
9 0.530000 0.769040 0.100000 0.060155
9 0.434375 0.687086 0.088750 0.066225
9 0.579375 0.584161 0.181250 0.089956
9 0.390625 0.304636 0.091250 0.056291
