8 0.791523 0.126955 0.413426 0.252827
8 0.372081 0.208626 0.522239 0.285721
8 0.798210 0.478781 0.403257 0.220029
8 0.406495 0.529575 0.428739 0.212103
8 0.435627 0.710776 0.372338 0.190079
8 0.333228 0.040437 0.486897 0.080347
8 0.077168 0.320567 0.152604 0.211574
8 0.137119 0.771730 0.271422 0.171535
8 0.452815 0.842764 0.317152 0.168232
8 0.114306 0.615520 0.227992 0.160910
8 0.759099 0.840537 0.335681 0.178118
8 0.737715 0.975445 0.231727 0.048463
8 0.044220 0.088617 0.087275 0.176006
8 0.466935 0.937457 0.283436 0.123618
8 0.159494 0.900694 0.295686 0.159111
8 0.759367 0.813866 0.336478 0.124681
8 0.750799 0.909399 0.292379 0.093079
8 0.472455 0.981541 0.253806 0.035999
8 0.750796 0.930956 0.293282 0.137306
8 0.195163 0.960028 0.250898 0.079403
9 0.205000 0.912000 0.226000 0.176000
9 0.787000 0.810667 0.250000 0.125333
9 0.522000 0.533333 0.188000 0.136000
9 0.310000 0.464000 0.184000 0.072000
9 0.424000 0.212000 0.412000 0.258667
9 0.457000 0.819333 0.310000 0.121333
9 0.325000 0.556000 0.190000 0.162667
9 0.800000 0.475333 0.400000 0.268000
