8 0.526665 0.631344 0.486931 0.394197
8 0.729148 0.451895 0.254746 0.227771
8 0.223470 0.580429 0.368620 0.326919
8 0.843808 0.363877 0.187071 0.167891
8 0.417108 0.374153 0.261521 0.148095
8 0.638558 0.380525 0.211264 0.174717
8 0.313723 0.409588 0.305027 0.106540
8 0.788247 0.302243 0.184391 0.116329
8 0.544215 0.303625 0.114822 0.061387
2 0.842256 0.088503 0.074515 0.021747
8 0.543292 0.321315 0.116532 0.096208
9 0.500000 0.653233 1.000000 0.693533
9 0.482500 0.329897 0.130000 0.071228
9 0.044375 0.125586 0.088750 0.123711
9 0.549375 0.202437 0.901250 0.404873
9 0.787500 0.328022 0.187500 0.164948
