8 0.735373 0.947595 0.170528 0.103653
8 0.392020 0.842645 0.207195 0.185555
8 0.466875 0.155111 0.190470 0.146640
8 0.713315 0.099842 0.204711 0.155539
8 0.974276 0.037353 0.050747 0.037455
8 0.053471 0.049989 0.106493 0.099591
8 0.889170 0.831094 0.163803 0.121894
8 0.590700 0.553841 0.190961 0.194650
8 0.109535 0.983223 0.125972 0.032790
8 0.020528 0.246566 0.040816 0.053328
8 0.442278 0.037329 0.166497 0.074595
8 0.575504 0.274164 0.153192 0.117736
8 0.951005 0.213212 0.097052 0.168322
8 0.489565 0.980067 0.065115 0.039278
8 0.386764 0.966461 0.097295 0.066153
8 0.222321 0.794340 0.106470 0.118246
8 0.338617 0.424555 0.090985 0.068676
8 0.026234 0.206048 0.052171 0.039921
8 0.329847 0.530749 0.163600 0.148163
8 0.519917 0.867700 0.120245 0.107749
8 0.947374 0.953464 0.104849 0.092081
8 0.643023 0.764863 0.121095 0.078126
8 0.202110 0.211095 0.134924 0.063997
8 0.133260 0.506076 0.114888 0.090597
8 0.958853 0.497435 0.081299 0.084330
8 0.015956 0.773422 0.031718 0.058114
8 0.907548 0.582428 0.145872 0.097433
8 0.494314 0.432489 0.105152 0.064563
8 0.184644 0.455027 0.096256 0.122828
8 0.216300 0.329609 0.180251 0.117163
8 0.187914 0.260002 0.132614 0.052419
8 0.640510 0.880726 0.072144 0.063353
8 0.105144 0.891624 0.079739 0.076601
9 0.713600 0.904000 0.211200 0.192000
9 0.904000 0.871000 0.192000 0.198000
9 0.391200 0.837000 0.200000 0.170000
9 0.200800 0.791000 0.142400 0.110000
9 0.073600 0.618000 0.147200 0.148000
9 0.858400 0.575000 0.238400 0.186000
9 0.156000 0.471000 0.148800 0.150000
9 0.538400 0.494000 0.292800 0.228000
9 0.210400 0.283000 0.177600 0.202000
