9 0.320000 0.982019 0.132500 0.035963
9 0.526875 0.980858 0.068750 0.038283
9 0.702500 0.979988 0.160000 0.040023
9 0.411250 0.944026 0.085000 0.046984
9 0.379375 0.880510 0.148750 0.056845
9 0.478750 0.733469 0.077500 0.066705
9 0.729375 0.733469 0.258750 0.111949
9 0.243750 0.807715 0.487500 0.384571
9 0.595000 0.499130 0.087500 0.037703
9 0.711250 0.494490 0.110000 0.041183
9 0.476875 0.395882 0.396250 0.191995
9 0.155625 0.329466 0.096250 0.060325
9 0.306250 0.267691 0.192500 0.048144
9 0.535625 0.238979 0.176250 0.121810
9 0.944375 0.179234 0.111250 0.049884
9 0.624375 0.120070 0.103750 0.087007
9 0.315625 0.180974 0.631250 0.361949
9 0.915000 0.928074 0.162500 0.076566
9 0.905625 0.566125 0.188750 0.147332
9 0.843125 0.412703 0.083750 0.029582
9 0.851250 0.325116 0.155000 0.129350
