6 0.429663 0.163734 0.131789 0.240437
6 0.090478 0.328835 0.180957 0.369752
6 0.866901 0.192848 0.066693 0.166895
6 0.228840 0.225897 0.106863 0.217526
2 0.631136 0.171121 0.127538 0.191209
6 0.347998 0.164859 0.050845 0.117536
6 0.316814 0.183967 0.078491 0.129444
6 0.141349 0.180286 0.039004 0.149171
6 0.190246 0.178170 0.064198 0.185080
6 0.268312 0.189393 0.037636 0.098213
6 0.047061 0.151301 0.034604 0.081858
6 0.022812 0.219611 0.045344 0.172077
6 0.290169 0.152307 0.028633 0.056146
7 0.501734 0.204233 0.058850 0.104703
2 0.983140 0.144846 0.033092 0.118600
9 0.482667 0.678000 0.848000 0.644000
9 0.700667 0.060000 0.100000 0.120000
