1 0.212780 0.532987 0.158492 0.061543
1 0.701171 0.542090 0.222029 0.057945
1 0.413781 0.530387 0.065745 0.043693
1 0.333553 0.540792 0.088288 0.045753
1 0.479419 0.541676 0.068268 0.055536
9 0.278000 0.868066 0.340000 0.200900
9 0.541000 0.753373 0.918000 0.391304
9 0.861000 0.370315 0.278000 0.260870
9 0.458000 0.098201 0.232000 0.163418
9 0.139000 0.065967 0.278000 0.131934
9 0.334000 0.448276 0.404000 0.242879
9 0.290000 0.311844 0.228000 0.137931
9 0.086000 0.305847 0.172000 0.125937
9 0.598000 0.236882 0.172000 0.113943
