1 0.655708 0.348611 0.159312 0.230493
1 0.384450 0.881696 0.175229 0.234579
1 0.399385 0.909427 0.082373 0.115154
1 0.489730 0.514052 0.068418 0.095947
1 0.688764 0.633067 0.067019 0.087801
1 0.578326 0.616615 0.287978 0.246306
1 0.391507 0.462114 0.496034 0.258781
1 0.699851 0.838218 0.458288 0.315560
1 0.327905 0.874505 0.060404 0.099482
9 0.557510 0.892000 0.159675 0.144000
9 0.894452 0.471000 0.211096 0.362000
9 0.154263 0.514000 0.308525 0.564000
9 0.314614 0.217000 0.093369 0.142000
9 0.962111 0.841000 0.075778 0.178000
9 0.930988 0.734000 0.138024 0.272000
9 0.265223 0.391000 0.238160 0.270000
9 0.476996 0.460000 0.518268 0.552000
9 0.204330 0.230000 0.092016 0.200000
