8 0.946669 0.135708 0.104059 0.124341
8 0.697853 0.203535 0.407387 0.124371
6 0.955198 0.317154 0.087557 0.155678
8 0.696712 0.245707 0.405565 0.208821
2 0.893882 0.285608 0.099728 0.056015
8 0.456570 0.245744 0.189496 0.152870
8 0.929690 0.194507 0.135009 0.062660
6 0.963558 0.296544 0.070827 0.114149
6 0.880413 0.569179 0.236563 0.118977
6 0.460079 0.289398 0.048298 0.049319
9 0.760000 0.777098 0.480000 0.445804
9 0.842000 0.443182 0.176000 0.127622
9 0.888000 0.566434 0.224000 0.108392
9 0.359000 0.729021 0.450000 0.541958
9 0.664000 0.498252 0.172000 0.122378
9 0.167000 0.498252 0.334000 0.314685
