2 0.980893 0.511847 0.037821 0.052401
9 0.067500 0.915183 0.135000 0.070291
9 0.213750 0.405342 0.407500 0.220244
9 0.718125 0.376289 0.563750 0.257732
9 0.927500 0.964855 0.145000 0.070291
9 0.150625 0.953608 0.118750 0.060918
9 0.310625 0.912371 0.111250 0.059044
9 0.722500 0.934864 0.177500 0.130272
9 0.462500 0.875820 0.105000 0.057170
9 0.913125 0.881912 0.173750 0.112465
9 0.601875 0.841143 0.098750 0.055295
9 0.374375 0.827554 0.108750 0.054358
9 0.735625 0.810216 0.091250 0.049672
9 0.520000 0.797095 0.100000 0.049672
9 0.903125 0.452671 0.193750 0.140581
