1 0.428334 0.090851 0.203610 0.179365
9 0.816964 0.654000 0.218112 0.264000
9 0.572066 0.470000 0.182398 0.172000
9 0.503827 0.238000 0.084184 0.120000
9 0.890306 0.105000 0.219388 0.210000
9 0.643495 0.129000 0.207908 0.258000
9 0.145408 0.129000 0.290816 0.258000
9 0.618622 0.737000 0.272959 0.414000
9 0.316964 0.642000 0.271684 0.300000
9 0.078444 0.645000 0.156888 0.330000
9 0.870536 0.540000 0.258929 0.264000
9 0.592474 0.340000 0.215561 0.200000
9 0.129464 0.310000 0.215561 0.220000
9 0.364796 0.318000 0.206633 0.268000
9 0.889031 0.286000 0.201531 0.220000
