6 0.491560 0.377944 0.302262 0.532049
6 0.714689 0.510636 0.221407 0.434773
7 0.709701 0.096025 0.086244 0.173596
6 0.919298 0.098606 0.063189 0.194881
6 0.257653 0.106969 0.037927 0.211469
6 0.295461 0.090447 0.056621 0.178483
6 0.088226 0.062238 0.039147 0.122835
2 0.015016 0.121944 0.029687 0.225529
2 0.970186 0.099233 0.058686 0.191851
2 0.012391 0.165997 0.024382 0.310017
9 0.530316 0.946250 0.093854 0.107500
9 0.409053 0.418125 0.130399 0.138750
9 0.422342 0.307500 0.053987 0.075000
9 0.818937 0.062500 0.139535 0.125000
9 0.721761 0.505000 0.122924 0.137500
9 0.544850 0.466250 0.104651 0.115000
9 0.724668 0.374375 0.067276 0.053750
9 0.504983 0.255000 0.069767 0.142500
9 0.971761 0.086250 0.056478 0.160000
