6 0.360361 0.227599 0.284991 0.293615
6 0.768858 0.183926 0.200295 0.129892
6 0.829149 0.637646 0.338365 0.713468
6 0.110692 0.188439 0.030340 0.048755
6 0.160039 0.252677 0.133434 0.144886
6 0.769503 0.274935 0.202472 0.313043
8 0.510428 0.056153 0.977789 0.111121
9 0.457000 0.598425 0.914000 0.674916
9 0.622000 0.171541 0.292000 0.142857
9 0.835000 0.145669 0.166000 0.100112
9 0.066000 0.120360 0.132000 0.121485
9 0.688000 0.911136 0.320000 0.177728
9 0.834000 0.609111 0.332000 0.174353
9 0.465000 0.310461 0.194000 0.080990
9 0.234000 0.286839 0.140000 0.096738
9 0.764000 0.188976 0.196000 0.125984
9 0.353000 0.154668 0.118000 0.100112
