2 0.838117 0.193973 0.322744 0.271190
2 0.180423 0.309605 0.359454 0.283650
2 0.654212 0.105753 0.144722 0.099542
2 0.386318 0.122107 0.175509 0.119415
6 0.165205 0.121640 0.028192 0.117726
6 0.636233 0.172859 0.067477 0.182397
6 0.136584 0.114880 0.026492 0.125151
6 0.189140 0.115405 0.023530 0.126885
7 0.614060 0.227991 0.132932 0.151119
2 0.529532 0.120012 0.152173 0.096029
6 0.011767 0.096780 0.023309 0.049365
2 0.571956 0.119478 0.065832 0.093257
2 0.735831 0.084747 0.048982 0.031429
9 0.830046 0.660000 0.339909 0.320000
9 0.333839 0.683000 0.667678 0.634000
9 0.459029 0.642000 0.159332 0.124000
9 0.602428 0.576000 0.142640 0.160000
9 0.770865 0.506000 0.121396 0.156000
9 0.880121 0.494000 0.103187 0.160000
