7 0.302439 0.257268 0.230187 0.119543
6 0.079008 0.268309 0.157444 0.348889
6 0.663542 0.154085 0.039051 0.033258
6 0.132903 0.270128 0.263294 0.352494
8 0.833749 0.219447 0.308572 0.285376
9 0.607000 0.759843 0.222000 0.113611
9 0.072000 0.399888 0.144000 0.070866
9 0.824000 0.221597 0.284000 0.290214
9 0.062000 0.035996 0.124000 0.071991
9 0.602000 0.873453 0.796000 0.253093
9 0.924000 0.709786 0.152000 0.080990
9 0.046000 0.576490 0.092000 0.070866
9 0.072000 0.310461 0.144000 0.065242
9 0.676000 0.506187 0.648000 0.488189
