6 0.765974 0.626214 0.380529 0.725252
6 0.162169 0.630869 0.182842 0.731475
2 0.020115 0.399513 0.039868 0.051770
2 0.197711 0.400804 0.024403 0.041237
6 0.654685 0.733225 0.187023 0.479377
9 0.923300 0.502105 0.153401 0.191579
9 0.426918 0.616842 0.448625 0.551579
9 0.062952 0.276842 0.125904 0.191579
9 0.811867 0.204211 0.376266 0.408421
9 0.703329 0.808421 0.092619 0.202105
9 0.165702 0.630526 0.175109 0.166316
9 0.823444 0.670526 0.257598 0.658947
9 0.151954 0.398947 0.083936 0.170526
9 0.451520 0.101053 0.118669 0.113684
