6 0.079611 0.492584 0.158205 0.980379
6 0.526034 0.259107 0.130384 0.391557
6 0.356901 0.285417 0.107088 0.455775
6 0.177665 0.351684 0.193431 0.699885
2 0.982199 0.087887 0.034761 0.045104
2 0.483238 0.147180 0.186411 0.120631
2 0.885719 0.090284 0.064222 0.049342
2 0.260944 0.263659 0.406961 0.296320
2 0.349084 0.258506 0.235743 0.282696
2 0.449329 0.150183 0.114242 0.115252
2 0.430516 0.276842 0.073555 0.185469
9 0.397500 0.868125 0.065000 0.136250
9 0.784583 0.575000 0.430833 0.410000
9 0.503333 0.478125 0.166667 0.216250
9 0.096667 0.023125 0.060000 0.046250
9 0.556250 0.953125 0.107500 0.093750
9 0.591250 0.888125 0.062500 0.081250
9 0.444583 0.918750 0.095833 0.162500
9 0.343333 0.857500 0.088333 0.152500
9 0.273333 0.815000 0.073333 0.137500
9 0.499167 0.717500 0.068333 0.070000
9 0.617917 0.718125 0.110833 0.131250
9 0.532917 0.651875 0.062500 0.078750
9 0.417083 0.661250 0.060833 0.107500
9 0.351250 0.626250 0.070833 0.082500
9 0.552083 0.503125 0.095833 0.083750
9 0.357083 0.230625 0.107500 0.203750
9 0.036667 0.086875 0.073333 0.173750
