6 0.650371 0.427828 0.142896 0.137977
6 0.554745 0.392134 0.047120 0.063769
6 0.735718 0.432036 0.071428 0.162503
6 0.233851 0.401014 0.038934 0.053388
6 0.274730 0.403875 0.043641 0.054469
1 0.317709 0.514641 0.262241 0.034236
1 0.032117 0.630200 0.063865 0.075668
1 0.026414 0.543353 0.052540 0.046795
1 0.031695 0.617338 0.063173 0.049110
9 0.946000 0.479760 0.108000 0.080960
9 0.198000 0.461019 0.304000 0.151424
9 0.500000 0.647676 1.000000 0.704648
9 0.085000 0.359070 0.170000 0.148426
9 0.892000 0.341079 0.192000 0.151424
