1 0.182366 0.604880 0.363048 0.683842
1 0.241485 0.547054 0.128297 0.168836
1 0.309383 0.679320 0.115186 0.164882
1 0.072405 0.416766 0.111164 0.149217
1 0.057924 0.525438 0.098957 0.115690
1 0.176745 0.608231 0.132857 0.168479
1 0.265898 0.776500 0.123357 0.221360
1 0.822452 0.236206 0.058177 0.082914
1 0.012406 0.540059 0.024597 0.109566
1 0.146785 0.766804 0.140538 0.196815
1 0.016979 0.444591 0.033839 0.101442
9 0.408432 0.530000 0.816864 0.940000
9 0.276680 0.813000 0.102767 0.142000
9 0.932806 0.313000 0.105402 0.194000
9 0.595520 0.359000 0.555995 0.510000
