6 0.101433 0.463988 0.201824 0.279492
6 0.927791 0.484764 0.144418 0.226777
6 0.500920 0.510662 0.246010 0.362483
6 0.093822 0.285837 0.043093 0.043264
6 0.373212 0.288401 0.044111 0.035931
6 0.247601 0.292474 0.050054 0.029100
6 0.290927 0.295407 0.032023 0.021327
9 0.664000 0.556222 0.136000 0.125937
9 0.658000 0.345577 0.244000 0.175412
9 0.376000 0.299100 0.752000 0.598201
9 0.567000 0.675412 0.298000 0.148426
9 0.185000 0.736132 0.370000 0.332834
9 0.059000 0.517241 0.118000 0.170915
9 0.722000 0.462519 0.324000 0.181409
9 0.484000 0.321589 0.160000 0.097451
9 0.664000 0.334333 0.192000 0.125937
