6 0.190611 0.537378 0.285985 0.253590
6 0.491081 0.451486 0.272713 0.335310
6 0.149368 0.386779 0.182015 0.172796
6 0.760891 0.315185 0.305275 0.299109
6 0.947415 0.088006 0.044689 0.087121
6 0.901229 0.081224 0.045266 0.064677
6 0.916860 0.531773 0.165034 0.319634
6 0.125174 0.240291 0.063193 0.062903
2 0.126715 0.342135 0.252816 0.173878
6 0.984256 0.120385 0.031487 0.115780
6 0.150320 0.229549 0.069593 0.059549
6 0.215024 0.296499 0.078435 0.115963
6 0.916686 0.656318 0.166627 0.571088
6 0.039803 0.254257 0.079346 0.096706
2 0.170676 0.331285 0.175464 0.157977
6 0.946915 0.812651 0.103800 0.258440
9 0.303000 0.826693 0.478000 0.346614
9 0.674000 0.668659 0.340000 0.224436
9 0.680000 0.363878 0.220000 0.124834
9 0.437000 0.343958 0.102000 0.092961
9 0.548000 0.335989 0.168000 0.172643
9 0.334000 0.100266 0.116000 0.078353
9 0.561000 0.069721 0.134000 0.065073
9 0.751000 0.031873 0.134000 0.063745
9 0.930000 0.462151 0.140000 0.177955
