2 0.676467 0.348076 0.037689 0.044270
9 0.718369 0.211875 0.087160 0.146250
9 0.323336 0.109375 0.074977 0.063750
9 0.177601 0.225625 0.162137 0.311250
9 0.169634 0.842500 0.166823 0.127500
9 0.352858 0.818125 0.087160 0.136250
9 0.461575 0.764375 0.047798 0.086250
9 0.561387 0.783125 0.071228 0.138750
9 0.668697 0.746875 0.085286 0.116250
9 0.851453 0.716250 0.074039 0.105000
9 0.225867 0.489375 0.148079 0.101250
9 0.358013 0.473125 0.059981 0.073750
9 0.435801 0.465625 0.054358 0.066250
9 0.704780 0.361875 0.071228 0.098750
